-176.585200 51.990500
-165.985550 54.133080
-155.400000 58.157300
-163.146870 55.417280
-171.254760 52.494190
-176.632000 51.968900
-158.154560 56.881490
-174.165270 52.381670
-153.435000 59.362600
-156.140000 58.040000
-158.787000 56.551200
-156.846700 57.705100
-177.440900 51.907200
-168.034400 53.927200
-141.715200 61.418700
-148.422000 64.069500
-144.112700 62.423800
-170.057600 52.890600
-171.139500 52.571400
-156.991470 57.133480
-169.945000 52.822200
-154.540000 58.580000
-154.510000 58.550000
-161.215510 55.642050
-154.451000 58.417300
-154.300100 58.475300
-152.672000 60.719400
-153.535100 58.859600
-144.639900 62.115900
-162.274400 55.186700
-162.072600 55.340900
-164.352400 54.669200
-155.210000 58.410000
-153.673800 58.770300
-162.835400 55.067300
-178.796000 51.789200
-165.660500 54.252200
-143.088300 62.131200
-176.110900 52.076500
-155.103700 58.357200
-152.420000 61.598500
-170.113000 52.741000
-153.091800 60.031900
-154.470000 58.640000
-163.729040 54.767990
-143.620100 62.023300
-148.685000 63.966500
-169.719000 52.972600
-154.024500 58.611300
-177.162300 51.924200
-175.511300 52.169300
-154.953300 58.279000
-155.671000 58.053000
-156.746700 57.201900
-145.085300 62.096200
-154.560000 58.590000
-175.132300 52.218900
-174.165270 52.381670
-154.357300 58.452800
-159.791200 56.012600
-155.254400 58.194600
-166.925000 53.889900
-155.356600 58.169200
-176.741000 51.937000
-155.159100 58.265400
-168.166000 53.397000
-161.893700 55.417300
-161.854400 55.456900
-141.622300 63.719600
-154.680000 58.500000
-168.538200 53.153600
-152.743800 60.485200
-163.591400 54.799200
-144.129500 62.213300
-172.510000 52.316000
-174.952100 52.053300
-163.971100 54.755400
-143.132000 62.399600
-154.685900 58.333600
-152.253900 61.298900
-154.390300 58.430100
-169.379300 53.146500
-169.760400 53.297800
-170.227900 53.119800
-171.411600 52.940500
-171.924600 52.801200
-171.875200 52.764900
-178.027000 51.867000
-169.758000 52.839000
-143.506000 62.302000
-178.143000 51.884000
-161.945230 55.563770
-155.102600 58.234300
-156.370000 57.750300
-156.512000 57.831000
-169.767000 53.065000
-155.513900 57.833800
-159.393100 56.197900
-160.095600 55.868100
-160.041000 55.912500
-160.002000 55.929200
-159.958000 55.952000
-168.693700 53.125600
-164.647600 54.517100
-144.019350 62.005720
-157.186400 57.017900
-170.659000 52.649000
