-108.51248170 40.41022110
-108.50776670 40.40898895
-108.41069030 40.38364792
-108.39609530 40.38082504
-108.34504700 40.37093735
-108.28778080 40.34764481
-108.25646210 40.33488846
-108.18038940 40.31153488
-108.13392640 40.29724884
-108.08444210 40.26253891
-108.05986790 40.24528503
-108.00720980 40.19568253
-107.94649510 40.11944962
-107.93066410 40.09953308
-107.89640810 40.03907013
-107.88946530 40.02681732
-107.87740330 39.95160293
-107.87409210 39.93091202
-107.86327360 39.86315155
-107.86053470 39.84600830
-107.83177190 39.77995300
-107.80119320 39.70951843
-107.78876500 39.69802856
-107.76200870 39.67327118
-107.69090270 39.65619659
-107.67072300 39.65134430
-107.57960510 39.62987137
-107.57308200 39.62833404
-107.48400880 39.57943726
-107.44084170 39.55568314
-107.40307620 39.51684189
-107.37662510 39.48960877
-107.34827420 39.43885803
-107.32824710 39.40294647
-107.31658170 39.35363007
-107.29588320 39.26585388
-107.29466250 39.26069260
-107.32748410 39.18062973
-107.33741000 39.15637207
-107.37948610 39.10146713
-107.41214750 39.05879211
-107.43107600 39.02194977
-107.47360990 38.93904114
-107.48367310 38.89361954
-107.50312810 38.80572510
-107.50546260 38.79518127
-107.51126100 38.71683121
-107.51509090 38.66510391
-107.51574710 38.62775421
-107.51731110 38.53858948
-107.51750180 38.52769470
-107.51883700 38.44943619
-107.51899720 38.43982696
-107.51199340 38.36389542
-107.51283260 38.36053467
-107.53400420 38.27580261
-107.53710170 38.27431488
-107.62781520 38.23067856
-107.63449860 38.22769928
-107.70854190 38.19466782
-107.73503880 38.18564987
-107.79821010 38.16415024
-107.83805080 38.14743423
-107.89066310 38.12535095
-107.93022920 38.09624863
-107.95513920 38.07792664
-107.99687190 38.02485657
-108.02305600 37.94565582
-108.02462010 37.93848801
-108.04114530 37.86267090
-108.04767610 37.85164261
-108.06713870 37.81880188
-108.04209900 37.76974487
-108.01515200 37.71685410
-108.03118130 37.68733215
-108.04704280 37.65809250
-108.06050870 37.61220932
-108.05899050 37.60208511
-108.04946140 37.53832626
-108.01925660 37.53109360
-107.96315770 37.51765442
-107.94738010 37.51910782
-107.90708160 37.52282715
-107.84260560 37.49666214
-107.80137630 37.47990036
-107.73504640 37.47471237
-107.70701600 37.47251129
-107.63539890 37.48215866
-107.62380220 37.48523712
-107.56310270 37.50137329
-107.52264400 37.52322769
-107.50657650 37.53190613
-107.41909030 37.51571655
-107.41596980 37.51403427
-107.37082670 37.48965836
-107.31459050 37.47740555
-107.24541470 37.46228790
-107.20594020 37.47176743
-107.17282100 37.47971344
-107.13040160 37.51045608
-107.11480710 37.49950027
-107.06765750 37.46636582
-107.03971860 37.43373108
-107.00276950 37.39051056
-106.95722960 37.38163376
-106.91135410 37.37266922
-106.85923000 37.34114075
-106.82563020 37.32078552
-106.78897860 37.27314377
-106.78179170 37.26378632
-106.74060060 37.19538498
-106.73876190 37.19332123
-106.69814300 37.14780807
-106.66535190 37.12667465
-106.63880920 37.10956192
-106.57885740 37.06960678
-106.56836700 37.06261063
-106.52238460 36.99322128
-106.51616670 36.98383331
-106.46926880 36.91453552
-106.44960020 36.88543320
-106.41822820 36.83501434
-106.39947510 36.80483627
-106.37268830 36.75344467
-106.34439850 36.69906998
-106.33559420 36.66942978
-106.32403560 36.63046265
-106.32685090 36.58121109
-106.32788090 36.56314850
-106.33898160 36.49243545
-106.34030150 36.48399735
-106.39430240 36.43509674
-106.41138460 36.42767334
-106.49290470 36.39221573
-106.51150510 36.39036560
-106.57374570 36.38418198
-106.62085720 36.37417221
-106.69430540 36.35852814
-106.72600560 36.34584427
-106.78929900 36.32049942
-106.80375670 36.29005814
-106.81922910 36.25745392
-106.82512660 36.20327759
-106.82938380 36.16413116
-106.82749180 36.11418533
-106.82595060 36.07351303
-106.82167820 36.02506256
-106.81646730 35.96585846
-106.82022090 35.93610382
-106.82744600 35.87885666
-106.82287600 35.84735107
-106.81352230 35.78272629
-106.80859380 35.75886154
-106.79048160 35.67081070
-106.78449250 35.64166260
-106.78383640 35.63845062
-106.83086400 35.57085800
-106.83121490 35.56240463
-106.83379360 35.50040436
-106.83486180 35.47487259
-106.83335880 35.41117096
-106.83299260 35.39531708
-106.83647160 35.32197189
-106.83740230 35.30249023
-106.86252590 35.23578262
-106.86713410 35.22355652
-106.89797970 35.15409851
-106.89981080 35.15193558
-106.94434360 35.09930801
-106.96376040 35.07946777
-107.00366210 35.03866577
-107.02451320 35.00569534
-107.05786130 34.95291901
-107.06637570 34.92387009
-107.08132170 34.87289810
-107.09552760 34.83796311
-107.12489320 34.76571655
-107.12808990 34.75288773
-107.14190670 34.69738007
-107.15547940 34.66676712
-107.19262700 34.58290481
-107.19541170 34.57662964
-107.21447750 34.49560547
-107.22102360 34.46775437
-107.24533840 34.41028595
-107.26781460 34.35711670
-107.28582760 34.32771301
-107.32128140 34.26980972
-107.34088900 34.25151443
-107.41256710 34.18456268
-107.42062380 34.17702866
-107.50531010 34.13941193
-107.54027560 34.12386322
-107.60400390 34.10285568
-107.65774540 34.08511352
-107.70455930 34.06963348
-107.77510070 34.04627228
-107.80719760 34.04346466
-107.89792630 34.03549957
-107.91449740 34.03217697
-108.01968380 34.01104736
-108.03977970 34.00699997
-108.09451290 34.01005554
-108.12602230 34.00284577
-108.23028560 33.97893524
-108.24329380 33.97594452
-108.33411410 33.95385742
-108.38983920 33.94027710
-108.42947390 33.91512680
-108.50411220 33.86770249
-108.51612850 33.86209869
-108.61009220 33.81818390
-108.63162230 33.80811691
-108.70293430 33.77276230
-108.71865080 33.76495743
-108.80767060 33.75653839
-108.84097290 33.75337219
-108.91538240 33.75335693
-108.92423250 33.75335693
-108.98936460 33.77570725
-109.01536560 33.78532028
-109.09160610 33.81347275
-109.11268620 33.82356644
-109.20194240 33.86624146
-109.20629120 33.86782074
-109.30512240 33.90373230
-109.39455410 33.93612290
-109.40363310 33.94021225
-109.48403170 33.97639465
-109.49684910 33.98485184
-109.55298610 34.02184296
-109.57891080 34.04251480
-109.62368010 34.07818604
-109.66477200 34.09479523
-109.73976900 34.12505722
-109.76380920 34.12980652
-109.84017940 34.14485550
-109.86994170 34.14675522
-109.92584990 34.15029526
-109.94444270 34.15147018
-110.03337100 34.16155624
-110.09717560 34.16875076
-110.14060970 34.17467880
-110.18881230 34.18124390
-110.24790190 34.18754578
-110.30780790 34.19390869
-110.35559080 34.19818878
-110.42851260 34.20468903
-110.46317290 34.20938110
-110.57022090 34.22380447
-110.57812500 34.22486877
-110.67454530 34.24799347
-110.69598390 34.25312805
-110.77649690 34.27820206
-110.82366180 34.29285812
-110.87183380 34.31927109
-110.92697140 34.34945297
-110.96228790 34.36819077
-111.01078030 34.39388657
-111.05744930 34.41020203
-111.11692810 34.43095779
-111.15917970 34.44098282
-111.22512820 34.45659638
-111.26439670 34.46319198
-111.34823610 34.47723389
-111.37108610 34.48057938
-111.47821810 34.49620819
-111.49911500 34.49924850
-111.57828520 34.52966690
-111.58119200 34.53078461
-111.62685390 34.58874512
-111.63241580 34.60494232
-111.65562440 34.67245102
-111.66453550 34.68904877
-111.70800780 34.76990509
-111.71485140 34.78260803
-111.77032470 34.84188461
-111.80287930 34.87660599
-111.85025020 34.89964676
-111.89163970 34.91975021
-111.95230870 34.92537689
-112.01004790 34.93070602
-112.06127170 34.93326950
-112.12953950 34.93666458
-112.16955570 34.94403076
-112.25836180 34.96033859
-112.27544400 34.96574783
-112.36973570 34.99555206
-112.37664030 34.99903107
-112.45286560 35.03736878
-112.46966550 35.04542923
-112.53131870 35.07496261
-112.56816100 35.08167648
-112.64411930 35.09548187
-112.67384340 35.08646774
-112.74310300 35.06544876
-112.77854920 35.06266785
-112.83856960 35.05794525
-112.88149260 35.07739258
-112.93643950 35.10224914
-112.96416470 35.13215256
-113.00716400 35.17845917
-113.02882390 35.20306015
-113.05088810 35.22810745
-113.08825680 35.27680969
-113.09941100 35.29133606
-113.15670780 35.34525681
-113.17314910 35.36070633
-113.21259310 35.42039871
-113.22217560 35.43487930
-113.30477910 35.46244431
-113.32049560 35.46768570
-113.39179230 35.49453735
-113.40496060 35.49881744
-113.50698090 35.53194046
-113.51578520 35.53479767
-113.58399960 35.57458496
-113.58903500 35.58675003
-113.60444640 35.62397766
-113.63256070 35.66698074
-113.65477750 35.70091629
-113.70387270 35.73126984
-113.72389980 35.74364853
-113.80464170 35.76498413
-113.83418270 35.77276993
-113.91085050 35.78920746
-113.93282320 35.79391480
-113.99312590 35.84443664
-114.01374820 35.86167908
-114.01026920 35.92545700
-114.00897220 35.94925690
-113.99293520 36.01177979
-113.98416140 36.04596710
-113.97882840 36.09854126
-113.97793580 36.10729599
-113.97342680 36.15179062
-113.96665190 36.19444656
-113.95285800 36.28140640
-113.95161440 36.28922272
-113.92779540 36.36677551
-113.91304020 36.41478348
-113.90522770 36.45256424
-113.89653780 36.49458695
-113.87844090 36.53739929
-113.84323120 36.62063980
-113.83966830 36.62906647
-113.78433230 36.69493103
-113.76290890 36.72042465
-113.71479030 36.76350403
-113.67505650 36.79905701
-113.63823700 36.82757950
-113.55843350 36.88932419
-113.55562590 36.89149856
-113.46196750 36.93410110
-113.45601650 36.93680954
-113.37963870 36.99370575
-113.30237580 37.05117416
-113.30035400 37.05542374
-113.27529140 37.10824204
-113.26622010 37.12735748
-113.25867460 37.19459152
-113.25521850 37.22550201
-113.25466160 37.28233719
-113.25419620 37.33180618
-113.23818210 37.36813736
-113.20149990 37.45129394
-113.19025420 37.47677612
-113.15732570 37.53214264
-113.14103700 37.55951309
-113.10127260 37.60838318
-113.06855770 37.64855194
-113.03373720 37.67867661
-112.96868130 37.73490524
-112.96054080 37.74564743
-112.90982820 37.81255722
-112.90318300 37.82162476
-112.86082460 37.87936783
-112.84666440 37.89801025
-112.78897090 37.97391129
-112.76826480 38.00114060
-112.74504850 38.04548264
-112.73895260 38.05273438
-112.68947600 38.11155319
-112.68041990 38.12807846
-112.63789370 38.20565033
-112.63648990 38.20936203
-112.61960600 38.25410461
-112.59936520 38.29257202
-112.56123350 38.36497879
-112.55752560 38.37454224
-112.52819820 38.45030212
-112.52474210 38.45898438
-112.49113460 38.54324722
-112.47472380 38.58436203
-112.45505520 38.62691116
-112.43955230 38.66043472
-112.41991420 38.71083069
-112.40367130 38.75249481
-112.37667850 38.79211044
-112.35018920 38.83096695
-112.30867770 38.86195373
-112.28577420 38.87905121
-112.23264310 38.92815781
-112.20777130 38.95112228
-112.15912630 38.99619675
-112.08555600 39.06426621
-112.06018830 39.08771134
-112.01218410 39.13250733
-111.97330470 39.16876602
-111.94599910 39.20462418
-111.92770390 39.22863007
-111.89093780 39.28231049
-111.83723450 39.36061478
-111.82740780 39.37492752
-111.78817750 39.44066620
-111.77503970 39.46266556
-111.74043270 39.52123260
-111.72119900 39.55375672
-111.69411470 39.60229874
-111.66963200 39.64614868
-111.64697270 39.68311310
-111.61043550 39.74266052
-111.59671020 39.76287842
-111.58032230 39.74960709
-111.57366940 39.74430847
-111.53711700 39.71518707
-111.47437290 39.72295380
-111.46735380 39.72382736
-111.39694980 39.76913071
-111.38466640 39.77831268
-111.33326720 39.81674194
-111.30765530 39.84439468
-111.28004460 39.87420273
-111.24526210 39.91915131
-111.22698210 39.94276428
-111.15229800 39.96590042
-111.09581760 39.96185684
-111.05037690 39.99187088
-111.04570010 39.99496841
-111.04035950 40.04020309
-111.04290010 40.05028152
-111.05282590 40.08966827
-111.07680510 40.13454437
-111.09120940 40.16148376
-111.12563320 40.21493530
-111.15118410 40.25455856
-111.14886470 40.29894638
-111.14700320 40.33470535
-111.09658050 40.37136459
-111.09178920 40.37485504
-111.00354000 40.36956406
-110.98274990 40.36301422
-110.91935730 40.34301376
-110.87043000 40.34285355
-110.80247500 40.34260178
-110.75842290 40.36002350
-110.72200010 40.37442398
-110.64780430 40.38886642
-110.55654140 40.40657043
-110.53831480 40.41780472
-110.50558470 40.43798828
-110.43370820 40.45554733
-110.40634920 40.46223068
-110.31922150 40.47645569
-110.27462010 40.48371506
-110.20720670 40.50345230
-110.13196560 40.52542877
-110.09521480 40.53024292
-110.04282380 40.53708267
-109.97796630 40.53638458
-109.91282650 40.53566361
-109.87397000 40.50871277
-109.85140230 40.49304962
-109.79664610 40.47358704
-109.77032470 40.47045135
-109.65755460 40.45694351
-109.65386960 40.45728302
-109.55950160 40.46599197
-109.53790280 40.47158813
-109.46435550 40.49060440
-109.42467500 40.49550247
-109.36681370 40.50262451
-109.30804440 40.50887299
-109.27935030 40.51191330
-109.19035340 40.51036072
-109.14942170 40.50963592
-109.09516140 40.46846390
-109.08292390 40.45916366
-109.11743160 40.41569519
-109.14324950 40.39978790
-109.18601230 40.37342453
-109.15330510 40.33318329
-109.14779660 40.32639694
-109.07622530 40.30514526
-109.04724880 40.29875183
-109.01231380 40.29104233
-108.93178560 40.28317642
-108.90899660 40.28095245
-108.81544490 40.29168320
-108.78256230 40.29544449
-108.70090480 40.31154251
-108.64966580 40.32161713
-108.60914610 40.35979843
-108.60421750 40.36444855
-108.51248170 40.41022110
