-91.39792633 35.61256027
-91.42726135 35.57117081
-91.46636200 35.48716354
-91.49401856 35.42759705
-91.51167297 35.40576172
-91.54765320 35.36122513
-91.57269287 35.33098984
-91.63425445 35.25653458
-91.65865326 35.22697067
-91.70674133 35.18970108
-91.76803589 35.14212418
-91.78703308 35.12843704
-91.86933899 35.06903076
-91.94448853 35.01466370
-91.96891785 34.99696350
-92.00708008 34.94212341
-92.06131745 34.86403275
-92.06948853 34.85225296
-92.13204956 34.79584885
-92.16632843 34.76489639
-92.20830536 34.73153305
-92.26026916 34.69015122
-92.28356171 34.67778778
-92.37523651 34.62903977
-92.38668823 34.62294006
-92.46284485 34.57555389
-92.48133850 34.56403732
-92.55457306 34.52720261
-92.63404083 34.46570587
-92.71338654 34.40414810
-92.79261780 34.34252548
-92.80193329 34.33527374
-92.88256836 34.29234314
-92.90940094 34.27804184
-92.97345733 34.24309540
-93.06405640 34.19356155
-93.15454864 34.14395142
-93.17754364 34.13132477
-93.25733185 34.12055588
-93.36429596 34.10604096
-93.47122955 34.09142685
-93.57812500 34.07672119
-93.60327911 34.07324982
-93.68326569 34.09116745
-93.78792572 34.11453247
-93.89264679 34.13781357
-93.90411377 34.14035797
-94.00064850 34.14204025
-94.10905457 34.14384842
-94.13209534 34.14422226
-94.21660614 34.13411713
-94.32389069 34.12119675
-94.35719299 34.11716843
-94.43160248 34.11133575
-94.45404053 34.10957336
-94.53983307 34.10723877
-94.64815521 34.10421753
-94.75646210 34.10109711
-94.75955200 34.10100937
-94.86289215 34.11777878
-94.93657684 34.12968063
-94.96879578 34.13681030
-95.07359314 34.15994644
-95.17890930 34.18310165
-95.28201294 34.20984268
-95.38564301 34.23662567
-95.45988464 34.25575256
-95.48744202 34.26722336
-95.58454132 34.30760193
-95.65018463 34.33483505
-95.68283844 34.34589768
-95.78349304 34.37994385
-95.88423157 34.41390991
-95.95300293 34.43703461
-95.98752594 34.43546677
-96.09616089 34.43048477
-96.06658935 34.51000976
-96.06388855 34.51656723
-96.02864075 34.60186005
-95.99331665 34.68713760
-95.95597839 34.77183914
-95.95339966 34.77766800
-95.91639710 34.86127472
-95.86042786 34.94002914
-95.80503845 35.01778030
-95.77702332 35.05704117
-95.75105286 35.09620667
-95.69850159 35.17532730
-95.64585114 35.25441361
-95.64273071 35.25909042
-95.60514069 35.33808518
-95.56510162 35.42202377
-95.54703522 35.45984268
-95.52539825 35.50608826
-95.48595428 35.59023666
-95.47538757 35.61274338
-95.44051361 35.67229843
-95.39281464 35.75358582
-95.38776398 35.76218796
-95.35855865 35.81635666
-95.33431244 35.80743027
-95.29055023 35.79130554
-95.23180390 35.77373123
-95.16130066 35.75260162
-95.12805176 35.74256897
-95.04392242 35.71714783
-95.02376556 35.71294785
-94.91672516 35.69058609
-94.87203217 35.68121719
-94.84410095 35.67535400
-94.76325226 35.66625595
-94.70867157 35.66008377
-94.65566254 35.64713287
-94.63048553 35.64097595
-94.54799652 35.62749863
-94.48557281 35.61726379
-94.43891907 35.61912537
-94.35355377 35.62248230
-94.32865906 35.62344742
-94.21839142 35.62771606
-94.13475037 35.63195801
-94.10890961 35.62683868
-94.04290772 35.61375046
-94.00086212 35.61856079
-93.89153290 35.63100433
-93.83531952 35.63736343
-93.78459930 35.62310791
-93.69715118 35.59847260
-93.67963409 35.59566116
-93.57138061 35.57823181
-93.52907562 35.57138824
-93.46283722 35.56220245
-93.39808655 35.55318451
-93.35372925 35.54932022
-93.28641510 35.54342651
-93.24395752 35.54602432
-93.18186951 35.54980087
-93.13385773 35.55074692
-93.02360535 35.55284882
-92.96331787 35.55395889
-92.91391754 35.56023026
-92.80490875 35.57398224
-92.73354340 35.58293533
-92.69541931 35.58240891
-92.58406830 35.58080673
-92.47481537 35.58312607
-92.39094543 35.58484650
-92.36483002 35.58151245
-92.26589966 35.56884003
-92.25576019 35.56950760
-92.14337921 35.57681274
-92.03556061 35.58040619
-91.96976471 35.58255386
-91.92538452 35.58016968
-91.83830261 35.57545090
-91.81533813 35.57712173
-91.70544434 35.58508301
-91.69981384 35.58548737
-91.59707642 35.60189056
-91.55844116 35.60803604
-91.48744202 35.60836029
-91.46187592 35.60847473
-91.39792633 35.61256027
