-93.10372162 48.62818527
-93.10740662 48.59981155
-93.11921692 48.51032257
-93.12488556 48.46726227
-93.12230682 48.42068100
-93.11733246 48.33090210
-93.11273956 48.24782562
-93.11264038 48.24111938
-93.11129761 48.15128326
-93.10994720 48.06143951
-93.10957336 48.03667832
-93.11289215 47.97163773
-93.11745453 47.88185120
-93.11946869 47.84197235
-93.12456512 47.79214859
-93.13368988 47.70251083
-93.13716888 47.66828537
-93.13064575 47.61291504
-93.12261200 47.54468918
-93.11943054 47.52339935
-93.10610199 47.43400192
-93.09889221 47.38561249
-93.09937286 47.34439850
-93.10020447 47.27212524
-93.10215759 47.25460052
-93.11211395 47.16501618
-93.12106323 47.08415985
-93.11978149 47.07542801
-93.10664368 46.98602295
-93.09911346 46.93471909
-93.09672546 46.89646912
-93.09113312 46.80669022
-93.08832550 46.76166534
-93.08245087 46.71705627
-93.07479858 46.65886688
-93.07865143 46.62755203
-93.08964539 46.53800964
-93.10058594 46.44846344
-93.10308075 46.42797089
-93.08247375 46.36016083
-93.07118225 46.32294846
-93.07340241 46.27112579
-93.07723236 46.18130875
-93.07799530 46.16328430
-93.04393768 46.09545898
-93.03959656 46.08680725
-92.99668121 46.01183319
-92.98638916 45.99382400
-92.95322418 45.92723846
-92.94020844 45.90105057
-92.91866302 45.84074783
-92.90781402 45.81035614
-92.88537598 45.75395965
-92.88264466 45.74709320
-92.84976959 45.66762924
-92.84571075 45.65781403
-92.80712891 45.58290863
-92.80374909 45.57633972
-92.77722168 45.53378296
-92.74928284 45.50308609
-92.72451782 45.47586441
-92.68064117 45.42728043
-92.66772461 45.41297150
-92.70049286 45.34381867
-92.71386719 45.31554794
-92.75318146 45.27703476
-92.75542450 45.26452637
-92.76486206 45.21189499
-92.76313782 45.17510605
-92.76222992 45.15582657
-92.78882599 45.08781052
-92.79858398 45.06280517
-92.80484009 45.00864792
-92.79967499 44.99979019
-92.76867676 44.94655990
-92.76776886 44.92361450
-92.71015930 44.94279480
-92.61088562 44.99798584
-92.55655670 45.02811813
-92.51149750 45.05384064
-92.41256714 45.11017990
-92.38321686 45.12684631
-92.31582642 45.16843796
-92.24206543 45.21384811
-92.21812439 45.22587967
-92.11853790 45.27583694
-92.11508179 45.27854157
-92.02979279 45.34530640
-91.95956421 45.40010452
-91.94082642 45.40923309
-91.83303070 45.46165085
-91.74331665 45.46878052
-91.71148682 45.45983124
-91.62097931 45.43433762
-91.59482574 45.42358398
-91.54634094 45.40363312
-91.51340485 45.35898972
-91.47181702 45.30252457
-91.45608521 45.27880478
-91.40221405 45.19746017
-91.39847565 45.19182205
-91.34709930 45.11656189
-91.32509613 45.08427048
-91.27322388 45.04473496
-91.25553894 45.03123856
-91.17491150 44.98837662
-91.07289123 44.93400192
-90.96473694 44.90758514
-90.95349884 44.90843964
-90.82758331 44.91799545
-90.79131317 44.92073059
-90.70389557 44.93644333
-90.63421631 44.94891357
-90.57986450 44.95405579
-90.45330048 44.96593857
-90.33220673 44.99014282
-90.24206543 45.00806809
-90.20892334 45.00924301
-90.08222198 45.01367569
-90.03927612 45.01514816
-89.95624542 45.00683594
-89.87564087 44.99871826
-89.83264160 45.00905228
-89.73286438 45.03295136
-89.71589661 45.04229355
-89.65465546 45.07595062
-89.60601044 45.07009888
-89.54053497 45.06219864
-89.48907471 45.03968811
-89.42884827 45.01331329
-89.42514038 44.97384262
-89.42038727 44.92319107
-89.42742920 44.88467789
-89.44362640 44.79582977
-89.44489288 44.78887939
-89.45137787 44.70641708
-89.45164490 44.70296478
-89.46098328 44.61708832
-89.46286774 44.59975433
-89.47106934 44.52778625
-89.42923737 44.53464126
-89.35027313 44.54753876
-89.31008911 44.56166077
-89.22023010 44.59318161
-89.19731140 44.60148239
-89.08499146 44.64206696
-89.05651093 44.65233231
-89.00788879 44.70957947
-88.97822571 44.74444199
-88.95247650 44.78971863
-88.91517639 44.85515595
-88.90401459 44.87240219
-88.87455750 44.91785812
-88.82676697 44.93836975
-88.71838379 44.98476410
-88.67613983 45.00280380
-88.60599518 45.02599716
-88.50164032 45.06039047
-88.49173737 45.06481171
-88.38438415 45.11264038
-88.34786224 45.12886810
-88.27793884 45.16152191
-88.27420807 45.16326523
-88.17070007 45.21292877
-88.09756470 45.24246597
-88.06456757 45.25882721
-87.96040344 45.31035233
-87.91890717 45.33082199
-87.86427307 45.36866379
-87.80279541 45.41114807
-87.78370666 45.43679810
-87.74095917 45.49414825
-87.73211670 45.51808166
-87.70006561 45.60462570
-87.69092560 45.62924576
-87.68170929 45.69287872
-87.66876984 45.78181458
-87.66127014 45.83317947
-87.64405823 45.86899185
-87.60321808 45.95376969
-87.60050964 45.95938873
-87.52442169 46.02408600
-87.48378754 46.05856323
-87.45988464 46.10028839
-87.41369629 46.18070221
-87.41337585 46.18354416
-87.40347290 46.27263641
-87.40170288 46.28848648
-87.37976837 46.36038208
-87.36837005 46.39767837
-87.34042358 46.44517899
-87.30676269 46.50225067
-87.11067963 46.50147629
-87.00640106 46.53629303
-86.96979523 46.52645111
-86.94303894 46.48423385
-86.87138367 46.44436264
-86.82053375 46.44612503
-86.79605865 46.48002624
-86.75949860 46.48663712
-86.70558166 46.45069885
-86.65166473 46.44684219
-86.65580750 46.42721176
-86.63821411 46.42226410
-86.46238708 46.56108475
-86.43756103 46.55503082
-86.34562683 46.58459854
-86.14810944 46.67305374
-86.09673310 46.65527343
-85.85753631 46.69482040
-85.50385284 46.67417526
-85.23009491 46.75679016
-85.13346862 46.76181793
-84.95475769 46.77095032
-85.01106262 46.71123123
-85.02696991 46.69433975
-85.03874207 46.58914185
-85.01897430 46.54902649
-85.05106354 46.53400803
-85.05165863 46.50558090
-85.01663971 46.47644424
-84.93132019 46.48784256
-84.91282654 46.46887207
-84.86595917 46.46866608
-84.80365753 46.44405365
-84.68492126 46.48810577
-84.62981414 46.48294067
-84.57473755 46.43323898
-84.59957123 46.42770768
-84.57266235 46.40792847
-84.49830627 46.44009781
-84.46289825 46.43696213
-84.43573761 46.46225738
-84.41596222 46.48065949
-84.35130310 46.49659729
-84.31161499 46.48867416
-84.26625824 46.42088699
-84.23194122 46.36950302
-84.21766663 46.28407287
-84.18164063 46.24871826
-84.18781281 46.23749543
-84.21085358 46.24573135
-84.23155975 46.21717453
-84.25786591 46.21727371
-84.25290680 46.20515824
-84.27313232 46.20730972
-84.24091339 46.19047547
-84.24703216 46.17144776
-84.20762634 46.16258621
-84.18080902 46.18539047
-84.13635254 46.16576004
-84.11973572 46.17610932
-84.10633087 46.15494156
-84.02957916 46.12894821
-84.06198120 46.09447479
-83.98950196 46.02598572
-83.94187927 46.03046799
-83.90194702 46.00590515
-83.90645600 45.96023941
-83.92440796 45.97289657
-83.97521973 45.96901703
-84.00747681 45.95153045
-84.11447144 45.97868729
-84.16554260 45.98304748
-84.17194367 45.96862412
-84.21551514 45.98133087
-84.21780395 45.96904373
-84.32710266 45.99662781
-84.35942078 45.99418640
-84.35466003 45.97109223
-84.39714051 45.99835968
-84.46493531 46.01234436
-84.45756531 45.97127914
-84.50360107 45.99543762
-84.53431702 45.97043991
-84.54973602 46.02737427
-84.60555267 46.02664948
-84.66133118 46.05339814
-84.69247437 46.03112793
-84.69327545 45.97478485
-84.72457123 45.96809768
-84.73793793 45.94611359
-84.70855713 45.85391235
-84.75720978 45.84141922
-84.83443451 45.86883164
-84.84697724 45.89537430
-84.89352417 45.92261887
-84.91527558 45.92060471
-85.02239990 46.01214981
-85.18502808 46.06230926
-85.18696594 46.05274582
-85.26474762 46.06756210
-85.33911133 46.09551620
-85.38451385 46.08314514
-85.41953277 46.10070038
-85.44399261 46.08721924
-85.52334595 46.09918594
-85.55897522 46.07410050
-85.66007232 45.97116852
-85.72727203 45.96434784
-85.81085968 45.98084259
-85.85984802 45.96947098
-85.91495514 45.95797730
-85.91709900 45.91819763
-86.06788635 45.96421051
-86.15824127 45.95180893
-86.19177246 45.96224594
-86.25932312 45.94692993
-86.31563568 45.90568161
-86.35218048 45.81086731
-86.33628082 45.80180359
-86.40318298 45.79602432
-86.45829773 45.76203156
-86.52938080 45.74896622
-86.52201080 45.72409821
-86.57611847 45.71017456
-86.58747101 45.67427444
-86.62039185 45.66674805
-86.61130524 45.60571670
-86.70777893 45.65028000
-86.71640778 45.67790222
-86.66976166 45.70164108
-86.67337036 45.72413254
-86.63691712 45.75265121
-86.62089539 45.74590683
-86.63629151 45.78238296
-86.55967712 45.77250671
-86.57883453 45.79717636
-86.53363037 45.87353897
-86.55489349 45.89551544
-86.61254120 45.87844467
-86.64253998 45.83468246
-86.71804809 45.84174347
-86.74059296 45.86554337
-86.78204346 45.85905838
-86.79344178 45.83594894
-86.77423096 45.81039429
-86.84671784 45.74547577
-86.84317016 45.71978759
-86.91322327 45.69643783
-86.93231201 45.70869446
-86.96504212 45.67134094
-86.98141479 45.72105026
-87.00221252 45.82759095
-86.96245575 45.85934448
-86.94715882 45.88331604
-86.96212006 45.90235901
-86.94075012 45.91386032
-86.97204590 45.91673279
-87.01198578 45.86346435
-86.99752045 45.84809876
-87.03820801 45.82595825
-87.05927277 45.78607560
-87.04260254 45.74230575
-87.09211731 45.70842362
-87.06550598 45.70475006
-87.16413880 45.66302872
-87.26070404 45.55480194
-87.33197022 45.45182800
-87.33222199 45.42394257
-87.40585327 45.35380554
-87.43741608 45.29763031
-87.58386231 45.16273499
-87.59251404 45.10850906
-87.64593506 45.11655807
-87.67266083 45.14054108
-87.66488647 45.10905838
-87.58127594 45.09464645
-87.61852265 45.05681229
-87.62033081 44.99199676
-87.64710999 44.98004151
-87.66947937 44.98765183
-87.66541290 44.97116089
-87.75144195 44.96180725
-87.80128479 44.95423127
-87.83998871 44.92732239
-87.83101654 44.87334824
-87.98579406 44.72047806
-87.98318481 44.67727280
-87.97821045 44.65788650
-87.99775696 44.67362213
-88.01329041 44.63911820
-87.97576141 44.59581756
-88.01237488 44.62223434
-88.01710510 44.58214187
-88.04042053 44.57144928
-88.02001191 44.56666565
-88.02044678 44.54660034
-87.96622467 44.53549957
-87.92640686 44.53914261
-87.90390778 44.56943512
-87.91528320 44.57641220
-87.86878204 44.61690521
-87.76422882 44.64405441
-87.75967407 44.64336395
-87.73185730 44.67630386
-87.72225952 44.69181442
-87.71075439 44.71041870
-87.67897033 44.76174545
-87.60597229 44.83749771
-87.54830933 44.85036468
-87.56749726 44.83238220
-87.55167389 44.82302475
-87.51380920 44.86309052
-87.49171448 44.84815979
-87.44414520 44.88806152
-87.42156983 44.88908386
-87.44324493 44.87526703
-87.42270660 44.87312317
-87.36531067 44.81425476
-87.31446838 44.79472351
-87.37301636 44.67692566
-87.47348023 44.53395081
-87.53742218 44.32796478
-87.51026916 44.21987152
-87.51729584 44.17575836
-87.54756165 44.14293289
-87.64436340 44.09783936
-87.72672272 43.89393235
-87.72712708 43.82971191
-87.69391632 43.76641083
-87.70271301 43.67317963
-87.77184296 43.59169388
-87.78602600 43.54629898
-87.80294800 43.45872116
-87.87532807 43.35860062
-87.90097046 43.25835037
-87.88919068 43.19724655
-87.87622070 43.16114426
-87.89270782 43.12722778
-87.86225128 43.08281326
-87.86180877 43.08044815
-87.89748383 43.02994919
-87.87929535 43.00379944
-87.86389160 42.98897553
-87.83638001 42.96460724
-87.84026337 42.88097763
-87.81968689 42.84156418
-87.75655365 42.77758026
-87.79114533 42.66665268
-87.80821991 42.60595703
-87.79486847 42.48988343
-87.83580780 42.31421280
-87.81125641 42.22485733
-87.75903320 42.15645599
-87.66929626 42.05985260
-87.61163330 41.84737015
-87.52892303 41.72499085
-87.46250153 41.67163849
-87.41812134 41.67638015
-87.44078064 41.65812301
-87.39358520 41.63420105
-87.23390961 41.62598801
-87.10998535 41.65241242
-86.94233704 41.71648407
-86.82882690 41.76298523
-86.61601257 41.90739822
-86.49864960 42.12644958
-86.37429809 42.24940872
-86.28496552 42.42233276
-86.21326446 42.70598984
-86.21784973 42.77482224
-86.22035217 42.91223144
-86.25161743 43.05952072
-86.22203827 43.07471085
-86.16395569 43.03001404
-86.14861298 43.03599548
-86.21529388 43.08455658
-86.17332459 43.09578705
-86.18709564 43.09658432
-86.17900085 43.12188720
-86.18717956 43.12181473
-86.19968414 43.09599686
-86.25436401 43.06777954
-86.27383423 43.12105179
-86.33727265 43.23000717
-86.31449127 43.21943665
-86.28771209 43.22743606
-86.24682617 43.25419998
-86.25491333 43.26941299
-86.28809357 43.24610519
-86.33551788 43.25453949
-86.34062957 43.23918915
-86.42646790 43.37323761
-86.40587616 43.36865234
-86.36338043 43.38858795
-86.35383606 43.41795349
-86.38420105 43.38817215
-86.43289185 43.38476562
-86.46318054 43.47517013
-86.52701569 43.58362961
-86.54127502 43.66319657
-86.44779205 43.77267837
-86.40432740 43.76665497
-86.43408966 43.78147125
-86.42881012 43.82012558
-86.45954132 43.95019150
-86.43814087 43.94559860
-86.51856995 44.05362701
-86.50862884 44.07710647
-86.41617584 44.13607788
-86.38598633 44.18318939
-86.27278137 44.35110474
-86.20388031 44.36127472
-86.23438263 44.37844849
-86.27275085 44.36524200
-86.23803711 44.52227783
-86.22646332 44.56896591
-86.26348114 44.66661835
-86.25863648 44.70073700
-86.16446686 44.73357391
-86.10848236 44.73444748
-86.08291626 44.77793121
-86.06672668 44.91055298
-85.98808288 44.91034317
-85.93178558 44.97509002
-85.86951446 44.94509506
-85.81440735 44.94999313
-85.78479767 44.98389435
-85.78556061 45.01680756
-85.68588257 45.10037994
-85.63446808 45.18483734
-85.59234619 45.18544388
-85.54991150 45.21346664
-85.54548645 45.17859268
-85.57260895 45.13550568
-85.58683777 45.15785980
-85.61185455 45.13938904
-85.57732392 45.04378510
-85.59679413 45.05349350
-85.64676666 44.97086716
-85.60761261 44.98938370
-85.60270691 44.96273804
-85.60566712 44.92262268
-85.62734223 44.91594315
-85.65281677 44.86505890
-85.63784027 44.77785873
-85.59736633 44.77668000
-85.53334808 44.88030625
-85.53546906 44.89909744
-85.56710816 44.89820099
-85.50498200 44.98910523
-85.47589874 44.98961258
-85.46913147 44.96245194
-85.48905182 44.96396256
-85.49321747 44.88322449
-85.55194855 44.82696152
-85.57821655 44.76287841
-85.52608490 44.76316833
-85.45203399 44.86051941
-85.40668488 44.92811966
-85.38487243 45.01061249
-85.36998749 45.10567474
-85.39004517 45.21159363
-85.37325287 45.27354812
-85.30547333 45.32038498
-85.27252960 45.31798554
-85.16325378 45.37214661
-85.09286499 45.37027359
-84.98589325 45.37318802
-84.92167664 45.40990448
-85.04689789 45.43239975
-85.11702728 45.53260803
-85.12045288 45.56978607
-85.07801819 45.63019562
-85.01100159 45.65727997
-84.94818878 45.71744918
-84.97225952 45.74756241
-85.00875854 45.75839234
-84.96514893 45.76564026
-84.80704499 45.74697876
-84.78449249 45.78878402
-84.72415924 45.78164673
-84.56065368 45.71348572
-84.46527863 45.65364075
-84.41774749 45.65232468
-84.41649628 45.66876221
-84.32145691 45.66561508
-84.20555878 45.63090515
-84.13523102 45.57134629
-84.10591126 45.49875641
-83.92286682 45.49174499
-83.84401703 45.43903732
-83.77996826 45.41986084
-83.78281403 45.40945434
-83.71231079 45.41238403
-83.59233856 45.34948730
-83.50131989 45.34272384
-83.49580383 45.36078644
-83.48957062 45.32892227
-83.39401245 45.27289962
-83.42075348 45.25717544
-83.39869690 45.21364212
-83.37329864 45.17309952
-83.32419586 45.15026092
-83.32756805 45.12066651
-83.30061340 45.09700393
-83.32792664 45.08865356
-83.31857300 45.05665207
-83.26566314 45.02720642
-83.35694885 45.04742813
-83.39221954 45.07923507
-83.44444275 45.05278015
-83.45729828 45.02499390
-83.43397522 45.01113129
-83.45574951 45.01348877
-83.46491242 44.99789047
-83.42935943 44.92629624
-83.32881928 44.88191604
-83.31972504 44.86064530
-83.28080749 44.70317459
-83.31995392 44.60626221
-83.32004547 44.51546478
-83.34196472 44.32990265
-83.38498687 44.32138443
-83.46067810 44.24766922
-83.45573425 44.27438354
-83.50490570 44.27525329
-83.52915955 44.26127243
-83.56824494 44.17012406
-83.58678436 44.05518341
-83.67311859 44.04441452
-83.69234466 43.99094010
-83.74425507 44.00963211
-83.75923157 43.99065780
-83.84569550 43.99986267
-83.91836548 43.91699982
-83.90648651 43.84911728
-83.92787170 43.85183715
-83.95102692 43.75474930
-83.91895294 43.68135071
-83.86093902 43.65471649
-83.84773254 43.63044739
-83.84240723 43.64891052
-83.69916534 43.59963226
-83.65461731 43.60741425
-83.53091430 43.72594833
-83.52248383 43.69910812
-83.49424744 43.70283890
-83.46640778 43.74575042
-83.39618683 43.82792282
-83.39394378 43.85291290
-83.34171295 43.88928604
-83.34487915 43.90357971
-83.40916443 43.91020966
-83.40549469 43.92281723
-83.32363892 43.92038727
-83.29489899 43.93548203
-83.26986694 43.97949219
-83.07244873 44.00613785
-83.03080749 44.04883957
-82.94013977 44.06994629
-82.80593872 44.03355789
-82.72786712 43.97248078
-82.61849213 43.78786469
-82.60572052 43.69456864
-82.59307098 43.56238556
-82.54170227 43.45106506
-82.52812195 43.24275208
-82.50379944 43.17226029
-82.49271393 43.11407471
-82.41983795 42.97246551
-82.47193909 42.89866638
-82.48707580 42.81151962
-82.47320556 42.76290130
-82.51808166 42.63408279
-82.54725647 42.61364746
-82.64587403 42.63172913
-82.63397217 42.66939545
-82.70014191 42.68927384
-82.72978973 42.68078613
-82.82037353 42.63579941
-82.78256989 42.58783340
-82.78547668 42.56385040
-82.83370972 42.56860351
-82.86354065 42.54370880
-82.88808441 42.49576187
-82.87486267 42.45807266
-82.89284515 42.39397430
-82.91911316 42.37955475
-82.92192840 42.37558365
-82.92586517 42.36740875
-82.98961639 42.35787201
-83.10899353 42.29066467
-83.19390106 42.11574936
-83.19132232 42.08240127
-83.21179199 42.08887100
-83.19014740 42.03408432
-83.18597412 42.01246643
-83.21134949 42.03878021
-83.21785736 42.00173950
-83.25095368 41.97741700
-83.28813172 41.99016571
-83.26387024 41.97121811
-83.26885986 41.92913819
-83.30036926 41.94295502
-83.33816528 41.92110443
-83.33851624 41.88198852
-83.36402130 41.89412689
-83.43349457 41.81190872
-83.43196106 41.75133133
-83.45462799 41.78152085
-83.47968292 41.72909546
-83.48133850 41.72554398
-83.45227051 41.72597122
-83.47104645 41.71505356
-83.43685913 41.69707489
-83.36430359 41.69131088
-83.34312439 41.69591522
-83.34470368 41.72222138
-83.31815338 41.69932175
-83.33393097 41.68905640
-83.15373993 41.62609100
-83.06284332 41.59466171
-82.98516846 41.52935028
-82.97780609 41.53739547
-82.93019104 41.51759720
-82.86789703 41.53840637
-82.84822082 41.56241226
-82.85835266 41.58244705
-82.82958985 41.59228516
-82.81565094 41.57058334
-82.88076782 41.52194977
-82.83046722 41.53905869
-82.80965423 41.56447220
-82.79728699 41.54724884
-82.82563019 41.53198242
-82.76377105 41.55089950
-82.70429230 41.53604889
-82.70589447 41.49961853
-82.73155976 41.51448441
-82.82254029 41.49119568
-82.84781647 41.50060272
-82.95876312 41.49001693
-82.98842621 41.46101379
-83.07025910 41.45566559
-83.04292297 41.44366837
-82.98731995 41.45469666
-82.99732208 41.42562867
-82.97943115 41.44003296
-82.97179413 41.42081070
-82.97409057 41.45026397
-82.93766022 41.42362976
-82.90892792 41.42947006
-82.80664825 41.47594452
-82.76582336 41.44717026
-82.74233246 41.46131516
-82.66697693 41.45483017
-82.67800903 41.44620132
-82.65234375 41.44769287
-82.60344696 41.41646576
-82.69123840 41.49248886
-82.58616638 41.41857147
-82.50475311 41.38632584
-82.34139252 41.43167877
-82.26923370 41.42938232
-82.18464661 41.47612381
-82.01473999 41.51538849
-81.96189881 41.50238419
-81.86855316 41.48455811
-81.81408691 41.49684906
-81.74871063 41.48941422
-81.68631745 41.51149750
-81.53442383 41.60722351
-81.47826386 41.63124085
-81.36141968 41.72432709
-80.99976349 41.85018539
-80.90608978 41.86711884
-80.77896881 41.91811752
-80.77545929 41.90911865
-80.72652435 41.91853333
-80.55680084 41.96129608
-80.52058411 41.98629761
-80.34418488 42.03527832
-80.20148468 42.09255981
-80.14469147 42.15250778
-80.11032867 42.16603089
-80.08287048 42.16392517
-80.08247376 42.15209579
-80.13317108 42.14321518
-80.15841675 42.11944199
-80.14336395 42.11522674
-79.76309204 42.26788330
-79.67796326 42.29758454
-79.44458771 42.41909409
-79.35511017 42.49336243
-79.14222717 42.57461548
-79.11054230 42.62291336
-79.06102753 42.65397262
-79.04372406 42.69925309
-78.91538239 42.74785614
-78.85916138 42.79275131
-78.85614014 42.82973862
-78.93654632 42.97423935
-78.88282013 43.02133179
-78.88900757 43.04660416
-78.92559051 43.06663513
-79.06110382 43.09061432
-79.06581878 43.12049103
-79.03931427 43.14474868
-79.04622650 43.25608444
-79.06223297 43.26822662
-78.61513519 43.36214829
-78.46465302 43.37199783
-77.99201202 43.36557770
-77.74500275 43.33517456
-77.57569122 43.24155045
-77.37731171 43.27571106
-77.09792328 43.29056549
-76.99040222 43.27894592
-76.92481995 43.21670532
-76.95142365 43.27983093
-76.84984589 43.30392075
-76.83105469 43.27565384
-76.83165741 43.30568314
-76.77730561 43.31594467
-76.73681641 43.34274292
-76.73118592 43.32783889
-76.72037506 43.34492111
-76.71965027 43.33673477
-76.71846772 43.32345581
-76.61924743 43.41432572
-76.42066955 43.52238464
-76.29978943 43.51408005
-76.24156952 43.52919388
-76.20800781 43.56573105
-76.18025207 43.56710052
-76.20783234 43.57984924
-76.20792389 43.62173462
-76.19250488 43.61425400
-76.16008758 43.64893723
-76.19131470 43.67574310
-76.20458222 43.63591004
-76.20562744 43.68270492
-76.23710632 43.81798172
-76.27528381 43.82189179
-76.27133179 43.83653259
-76.29801941 43.83789444
-76.30098724 43.85059738
-76.27464295 43.87883758
-76.22605133 43.88740921
-76.23436737 43.86996079
-76.20909882 43.85398484
-76.13738251 43.89388656
-76.14390564 43.93979263
-76.08142853 43.97404480
-76.07019806 43.96010208
-76.05245209 43.99946213
-76.07387543 43.99739838
-76.07878113 44.01236343
-76.15671540 43.96327210
-76.20462036 43.97068787
-76.19715881 43.99541474
-76.12731933 44.01887894
-76.11230469 44.04737091
-76.16136932 44.02972031
-76.13924408 44.05422974
-76.14915466 44.06592178
-76.20556641 44.05861664
-76.21258545 44.07900238
-76.26538086 44.05851364
-76.29251862 44.03298951
-76.27725982 44.03324890
-76.28562928 44.01715851
-76.30515289 44.01134872
-76.30049133 44.06155777
-76.32791901 44.06335831
-76.32460022 44.07800293
-76.36131286 44.07188416
-76.36524201 44.11146164
-76.20153046 44.20908356
-76.01578522 44.26809693
-75.92218781 44.34379959
-75.84552765 44.36768722
-75.86002350 44.38344574
-75.84741211 44.39000320
-75.81529999 44.40868759
-75.81054687 44.39826202
-75.77783966 44.43050385
-75.75402832 44.36186218
-75.75106812 44.35763168
-75.70653534 44.29420471
-75.69996643 44.28485870
-75.69451904 44.20840835
-75.69152832 44.16673279
-75.68721008 44.12163925
-75.68450928 44.09361267
-75.69115448 44.03499603
-75.69441223 44.00604630
-75.74731445 43.97299957
-75.77535248 43.95545959
-75.83752441 43.91326141
-75.88274384 43.88249588
-75.91354370 43.84559250
-75.95664978 43.79381943
-75.96375275 43.76734162
-75.98151398 43.70101547
-75.98165893 43.68157578
-75.98200226 43.63093567
-75.95948792 43.59820938
-75.90561676 43.51984024
-75.90307617 43.51615143
-75.82461548 43.45422363
-75.81120300 43.44363403
-75.72410583 43.40430450
-75.66293335 43.37664414
-75.62485504 43.35290909
-75.56867218 43.31787109
-75.54169464 43.28955841
-75.48030853 43.22507858
-75.48171234 43.21588898
-75.49299622 43.14139938
-75.50910187 43.13818741
-75.62724304 43.11454391
-75.70907593 43.10879898
-75.83127594 43.10010147
-75.85719299 43.09823990
-75.95231629 43.08584595
-76.02077484 43.07688141
-76.07328033 43.07124329
-76.15930176 43.06196594
-76.19139862 43.05092239
-76.30159759 43.01289368
-76.32362366 43.00527191
-76.39838409 42.96036911
-76.40346527 42.95731354
-76.50070191 42.91276932
-76.52387238 42.90213394
-76.60957337 42.87347030
-76.67369843 42.85196304
-76.72291565 42.84152221
-76.82613373 42.81956482
-76.84058380 42.82040787
-76.96250153 42.82748413
-77.00654602 42.83001327
-77.08446503 42.83428955
-77.20645142 42.84088516
-77.21134949 42.84115601
-77.32874298 42.84303284
-77.38748169 42.84393310
-77.45105744 42.84387970
-77.52866364 42.84377670
-77.57270050 42.83826446
-77.67572784 42.82530975
-77.69315338 42.82732392
-77.81394959 42.84121704
-77.83326721 42.84343720
-77.93347931 42.85993195
-78.01611328 42.87347794
-78.05374145 42.87398910
-78.16539764 42.87547303
-78.17580414 42.87365723
-78.29460144 42.85285187
-78.33575440 42.84561539
-78.41273499 42.83034515
-78.50002289 42.81295014
-78.52577210 42.79983139
-78.61911011 42.75218200
-78.62432861 42.74833679
-78.70930481 42.68555832
-78.77715302 42.63526916
-78.79441070 42.62292862
-78.88066101 42.56114578
-78.91586304 42.53586197
-78.97920990 42.51136398
-79.08622742 42.46983337
-79.10382080 42.46299362
-79.19272613 42.42769623
-79.29174042 42.38823700
-79.29941559 42.38596725
-79.41165161 42.35265350
-79.45861054 42.33866883
-79.52318573 42.31823731
-79.60183716 42.29328919
-79.63284302 42.28103256
-79.73909759 42.23891830
-79.80046081 42.21452713
-79.84243011 42.19344330
-79.94179535 42.14339447
-79.96936798 42.12947082
-80.04061127 42.09284973
-80.09477997 42.06494903
-80.14251709 42.04599762
-80.24839783 42.00384903
-80.27682495 41.99250793
-80.36250305 41.97717666
-80.47958374 41.95610047
-80.51391601 41.94989777
-80.59694671 41.93596649
-80.71437836 41.91616821
-80.72003937 41.91521454
-80.82098389 41.87550736
-80.91722870 41.83751297
-80.92593384 41.83259964
-81.02111053 41.77877045
-81.11866760 41.72338486
-81.22137451 41.68249893
-81.28561401 41.65684509
-81.32440186 41.63750076
-81.42355347 41.58793259
-81.48654175 41.55635071
-81.52589417 41.54254532
-81.63395691 41.50451660
-81.67401886 41.49037552
-81.73628235 41.45922089
-81.78238678 41.38191223
-81.81226349 41.35223007
-81.83339691 41.33121872
-81.87511444 41.27735519
-81.88942718 41.25884628
-81.95051575 41.20950699
-81.98797607 41.17918396
-82.03892517 41.15090942
-82.10676575 41.11318207
-82.13219452 41.09617615
-82.21974182 41.03660202
-82.25548554 40.98073959
-82.28401184 40.96490860
-82.35128784 40.92750168
-82.38068390 40.91375351
-82.48108673 40.86670303
-82.48551178 40.86463165
-82.56972504 40.80813217
-82.58370209 40.79873657
-82.62102509 40.75439072
-82.63591003 40.73667908
-82.63008118 40.66946411
-82.56911468 40.59364700
-82.56572723 40.58944702
-82.49720764 40.52350235
-82.49356079 40.51999283
-82.46949768 40.43579101
-82.45546722 40.35442734
-82.45629883 40.35023117
-82.47378540 40.26117706
-82.50057221 40.17682648
-82.44706726 40.09826279
-82.43318939 40.01047897
-82.43224335 40.00449371
-82.41244507 39.92349625
-82.41097260 39.91749191
-82.45180511 39.84132385
-82.51261902 39.77888107
-82.51798248 39.76889801
-82.54065704 39.72663498
-82.54965973 39.68442917
-82.55223083 39.67235565
-82.57771301 39.61182404
-82.59118652 39.60446167
-82.67989349 39.55587769
-82.68573761 39.55298233
-82.75720978 39.51751709
-82.76734924 39.49529648
-82.80538178 39.41175079
-82.80735779 39.40740585
-82.85902405 39.34996033
-82.87641907 39.34497833
-82.94128418 39.32638168
-82.98741913 39.32105255
-83.06338501 39.31224442
-83.09933472 39.30051804
-83.15292358 39.28300857
-83.20479584 39.26393128
-83.26117706 39.24314499
-83.28172302 39.20562744
-83.30049133 39.17132187
-83.31400299 39.12104035
-83.31623840 39.11267471
-83.36905670 39.08913040
-83.39845276 39.07601929
-83.45727539 39.04139328
-83.46293640 39.03783417
-83.52364349 38.99964142
-83.55281067 38.98228455
-83.62461853 38.93949890
-83.64622498 38.93072510
-83.73494720 38.89463806
-83.74858856 38.89007950
-83.85424042 38.85475159
-83.86341095 38.85167694
-83.95285034 38.85044479
-83.96813202 38.85333252
-84.05305481 38.86941147
-84.07540131 38.88212586
-84.14320373 38.92067337
-84.16346741 38.93875122
-84.21638489 38.98594666
-84.24285889 39.00283813
-84.29455567 39.03579712
-84.32781982 39.06277084
-84.34890747 39.07987213
-84.41222381 39.09780121
-84.42955017 39.09614182
-84.54423523 39.08512497
-84.55400848 39.08419037
-84.63880921 39.08673477
-84.65469360 39.09712982
-84.69098663 39.12087631
-84.75874329 39.12512207
-84.80619049 39.12807465
-84.85659027 39.10142136
-84.86132812 39.09763336
-84.92898559 39.04352188
-84.92788696 39.02976227
-84.92307281 38.96960831
-84.90703583 38.94378662
-84.87763977 38.89643860
-84.86871338 38.86069489
-84.86048889 38.82775116
-84.91294098 38.79967499
-84.91939545 38.79627609
-84.97887421 38.76497269
-85.02074432 38.75717163
-85.10060120 38.74224472
-85.13243103 38.73595047
-85.18611908 38.72533035
-85.24500275 38.73238754
-85.34418488 38.74422073
-85.35823059 38.74747467
-85.42781830 38.76361084
-85.46800995 38.75314712
-85.49903870 38.74506378
-85.49790955 38.68141174
-85.49781799 38.67639542
-85.50582886 38.59265900
-85.50672150 38.58323288
-85.55412293 38.51928711
-85.55990601 38.51567841
-85.62501526 38.47511673
-85.63085175 38.45137405
-85.64833832 38.38012695
-85.65844726 38.36566544
-85.67755127 38.33829880
-85.74401092 38.36428452
-85.75302887 38.36780548
-85.76823425 38.40088654
-85.78981018 38.44781113
-85.80856323 38.48422623
-85.83557129 38.53663254
-85.84356690 38.56863785
-85.85961914 38.63295364
-85.86547852 38.65607071
-85.87618256 38.69829559
-85.88095856 38.74417496
-85.88522339 38.78524780
-85.87227631 38.83203888
-85.85638428 38.88935471
-85.86223602 38.91945267
-85.87692261 38.99494934
-85.88028717 39.00740814
-85.90386963 39.09460068
-85.90567780 39.10130692
-85.92871857 39.18160248
-85.93107605 39.18982315
-85.98740387 39.25412369
-85.99116516 39.25536346
-86.09757233 39.29067612
-86.12778473 39.30068207
-86.20961762 39.31154251
-86.28481293 39.32149124
-86.32445526 39.32051849
-86.44035339 39.31761551
-86.46446991 39.31700516
-86.53701019 39.27373886
-86.59470368 39.23926163
-86.61955261 39.21244049
-86.67389679 39.15370560
-86.68859863 39.14097595
-86.76544953 39.07435989
-86.80928803 39.03626633
-86.82283783 38.99947739
-86.83319855 38.97132111
-86.88425446 38.92622376
-86.95161438 38.86659622
-86.95689392 38.85745621
-87.00388336 38.77598953
-87.02002716 38.74794006
-87.03756714 38.69102097
-87.06165314 38.61262894
-87.06413269 38.60418320
-87.08126068 38.54566193
-87.11183929 38.52869034
-87.16365814 38.49988937
-87.21141815 38.48603821
-87.22355652 38.48252106
-87.31050110 38.44153214
-87.37048340 38.41318893
-87.40051269 38.38772202
-87.47796631 38.32199478
-87.55982971 38.25965881
-87.61330414 38.21883392
-87.64474487 38.20016479
-87.73558807 38.14609909
-87.74835968 38.13848877
-87.83011627 38.09616852
-87.89039612 38.06488800
-87.92786408 38.05058289
-88.00176239 38.02231217
-88.03090668 38.01255417
-88.13780975 37.97667694
-88.21114349 37.91081619
-88.24285126 37.88229370
-88.27898407 37.83930588
-88.33757019 37.76949310
-88.34381866 37.76651764
-88.44094849 37.72029495
-88.47731018 37.70295334
-88.54650116 37.69076538
-88.64503479 37.67333222
-88.65670776 37.67007065
-88.74552917 37.64522171
-88.76363373 37.64043426
-88.86037445 37.61479569
-88.87069702 37.61128235
-88.96976471 37.57751083
-88.97511291 37.57754135
-89.08831787 37.57815552
-89.12561035 37.57833862
-89.20071411 37.58716202
-89.24961090 37.59287644
-89.31336212 37.59492111
-89.42651367 37.59848022
-89.45366669 37.61718369
-89.50898743 37.65987396
-89.54387665 37.68678284
-89.59609985 37.71690369
-89.65889740 37.75307083
-89.68982697 37.76723480
-89.76373291 37.80104828
-89.78425598 37.81623077
-89.85085297 37.86545944
-89.86760712 37.87715530
-89.95281220 37.93654251
-90.03501129 37.99856567
-90.04092407 38.00303650
-90.11310577 38.06385422
-90.11633301 38.06657791
-90.20799255 38.11336899
-90.25051117 38.13504410
-90.29457092 38.17090225
-90.34346008 38.21064758
-90.37070465 38.23763275
-90.40336609 38.26996231
-90.42262268 38.31599808
-90.43692780 38.35015869
-90.44397735 38.40364456
-90.44902801 38.44195938
-90.44423676 38.44570160
-90.47393036 38.48331070
-90.49787903 38.52478409
-90.51112366 38.54771042
-90.54285431 38.60733032
-90.56549072 38.64981079
-90.59752655 38.68566895
-90.62706757 38.71871185
-90.69034576 38.72134781
-90.75806427 38.72412491
-90.80518341 38.72227478
-90.87968445 38.71931458
-90.91848755 38.72806549
-91.02683258 38.75245285
-91.13976288 38.77729416
-91.16810608 38.78351212
-91.25179291 38.79778290
-91.32627869 38.81043243
-91.36367798 38.81875610
-91.46369171 38.84095764
-91.47463989 38.84275436
-91.55915832 38.85660553
-91.58733368 38.85182953
-91.67790222 38.83644867
-91.69990540 38.83279419
-91.78406525 38.81880951
-91.81283569 38.81539917
-91.90223694 38.80478287
-91.92623138 38.80018997
-92.02510834 38.78124237
-92.03836059 38.78055573
-92.14467621 38.77502823
-92.15288544 38.77682877
-92.26372528 38.80104446
-92.30662537 38.81038666
-92.37097168 38.83213043
-92.44836426 38.87514877
-92.46421051 38.88550568
-92.55261230 38.94322967
-92.65206909 38.98874283
-92.65515900 38.99014282
-92.76585388 38.97768784
-92.77333069 38.97684860
-92.86783600 38.98020172
-92.88063812 38.98283386
-92.91152954 38.98919296
-92.95689392 38.93611526
-92.99869537 38.88710403
-93.02040100 38.86104965
-93.08313751 38.78561783
-93.10874176 38.75477219
-93.15763092 38.71780396
-93.22631073 38.66576386
-93.23969269 38.65483093
-93.31909180 38.58983230
-93.36743927 38.55016327
-93.39505005 38.52254486
-93.46572876 38.45170593
-93.47287750 38.44453812
-93.50463867 38.36761474
-93.52375793 38.32120514
-93.55764008 38.28980637
-93.63154602 38.22117615
-93.65586090 38.19856644
-93.70610046 38.15303039
-93.75346375 38.11004257
-93.76889801 38.07933426
-93.80023956 38.01688003
-93.80597687 37.99452210
-93.82711792 37.91196060
-93.82962799 37.90653992
-93.86880493 37.82205200
-93.87622833 37.80601501
-93.90264130 37.73616028
-93.92175293 37.68554688
-93.93715668 37.65044022
-93.97440338 37.56542587
-93.99525452 37.51774216
-94.02764130 37.48777390
-94.07270050 37.44602203
-94.10883331 37.42617035
-94.19819641 37.37699127
-94.20207214 37.37541962
-94.30262756 37.33451080
-94.32485199 37.32545471
-94.40197754 37.29188156
-94.47183991 37.26140213
-94.49406433 37.24176407
-94.56936646 37.17483139
-94.61478424 37.09243393
-94.62231445 37.07875061
-94.65653229 37.00883102
-94.69287109 36.93442154
-94.69768524 36.92504120
-94.74037170 36.84175110
-94.75868225 36.80596924
-94.77955627 36.75740814
-94.81607819 36.67226792
-94.82073975 36.66139221
-94.89416504 36.60968018
-94.94267273 36.57545090
-94.97463989 36.54738235
-95.03028870 36.49844360
-95.04698944 36.47899246
-95.11049652 36.40493774
-95.12242126 36.39100647
-95.16796112 36.32780838
-95.22503662 36.24841690
-95.25105286 36.16263962
-95.26997375 36.10012436
-95.27363586 36.07456970
-95.28645325 35.98507690
-95.29331207 35.93709564
-95.31401062 35.89884186
-95.35855865 35.81635666
-95.38776398 35.76218796
-95.39281464 35.75358582
-95.44051361 35.67229843
-95.47538757 35.61274338
-95.48595428 35.59023666
-95.52539825 35.50608826
-95.54703522 35.45984268
-95.56510162 35.42202377
-95.60514069 35.33808518
-95.64273071 35.25909042
-95.64585114 35.25441361
-95.69850159 35.17532730
-95.75105286 35.09620667
-95.77702332 35.05704117
-95.80503845 35.01778030
-95.86042786 34.94002914
-95.91639710 34.86127472
-95.95339966 34.77766800
-95.95597839 34.77183914
-95.99331665 34.68713760
-96.02864075 34.60186005
-96.06388855 34.51656723
-96.06658935 34.51000976
-96.09616089 34.43048477
-96.10493469 34.43007278
-96.21355438 34.42498779
-96.32215881 34.41980362
-96.34292603 34.41880035
-96.42367554 34.38990021
-96.52344513 34.35408020
-96.53719330 34.34913635
-96.61116028 34.30144501
-96.67314148 34.26140976
-96.69294739 34.24263763
-96.76440430 34.17479706
-96.82633972 34.11587143
-96.83179474 34.10487747
-96.87309265 34.02153015
-96.90961456 33.94768905
-96.91279602 33.93774796
-96.94066620 33.85063934
-96.96847534 33.76352310
-96.97718811 33.73619080
-96.98948669 33.67517471
-97.00738525 33.58627319
-97.02524567 33.49736023
-97.05004883 33.40962601
-97.06734467 33.34835815
-97.07010651 33.32125854
-97.07926178 33.23142242
-97.08847046 33.14159393
-97.10159302 33.05210495
-97.11476898 32.96209717
-97.12751007 32.87309647
-97.13930512 32.79058456
-97.14110565 32.78368759
-97.16403198 32.69562531
-97.17144013 32.66713333
-97.19145966 32.60853577
-97.29782868 32.61373138
-97.36504364 32.61697769
-97.40404510 32.62050247
-97.50183868 32.62928772
-97.51004791 32.62913895
-97.61658478 32.62720871
-97.72312164 32.62519455
-97.74299622 32.62480926
-97.82697296 32.60668564
-97.93016815 32.58432388
-97.93439484 32.58340454
-98.03189850 32.55764770
-98.09712982 32.54037094
-98.13348389 32.53068542
-98.20301819 32.51212692
-98.23109436 32.49660110
-98.32015991 32.44729996
-98.33285523 32.44026566
-98.36783600 32.37096787
-98.40278625 32.28379822
-98.40978241 32.26633072
-98.39523315 32.19570160
-98.38936615 32.16720199
-98.41130066 32.10888291
-98.43474579 32.04648972
-98.46357727 32.04428101
-98.56902313 32.03616715
-98.60813904 32.03313446
-98.67079163 32.05235291
-98.77045441 32.08285141
-98.78846741 32.08835220
-98.87149811 32.10988617
-98.93465424 32.12621689
-98.97434997 32.13010025
-99.07965088 32.14033890
-99.08989716 32.14133072
-99.18222809 32.16268158
-99.28456879 32.18625641
-99.33505249 32.19785309
-99.38601685 32.21239471
-99.48661041 32.24102783
-99.53515625 32.25481796
-99.58914948 32.26341248
-99.67771149 32.27746201
-99.69192505 32.28378677
-99.78599548 32.32558441
-99.82545471 32.34308624
-99.87923431 32.36873245
-99.95048523 32.40265655
-99.97361755 32.40966797
-100.07302860 32.43973160
-100.17619320 32.46415329
-100.19538880 32.46868515
-100.28145600 32.47550201
-100.33235170 32.47951126
-100.38755040 32.47719574
-100.44030760 32.47496796
-100.49384310 32.47627640
-100.60018920 32.47880554
-100.65486910 32.48007202
-100.70519260 32.47012329
-100.80875400 32.44958115
-100.81667330 32.44800568
-100.91419220 32.43820572
-100.93186190 32.43642807
-101.02037810 32.43477249
-101.05313110 32.43414688
-101.12526700 32.44643021
-101.17929080 32.45560455
-101.23037720 32.45907211
-101.28967290 32.46307373
-101.33547210 32.47156525
-101.34389500 32.47312927
-101.34726710 32.47708893
-101.39796450 32.54414368
-101.40048220 32.54924011
-101.43380740 32.61650849
-101.43464660 32.63355255
-101.43908690 32.72345352
-101.43940730 32.72995758
-101.40825650 32.80918885
-101.40557860 32.81599426
-101.37479400 32.88751221
-101.37169650 32.89373016
-101.33833310 32.96082687
-101.33124540 32.97702026
-101.29426570 33.06146240
-101.28849790 33.07461166
-101.26054380 33.14686966
-101.25316620 33.21350098
-101.24922180 33.23627090
-101.23669430 33.30850983
-101.23147580 33.32492828
-101.21506500 33.37648392
-101.19906620 33.41057968
-101.18376160 33.44318390
-101.15137480 33.49100876
-101.13714600 33.51199341
-101.07709500 33.55465317
-101.03306580 33.58589172
-100.99363710 33.61152267
-100.92668150 33.65498352
-100.90585330 33.66311645
-100.82839200 33.69332123
-100.80851750 33.70185471
-100.71255490 33.74300385
-100.70372770 33.74678421
-100.64115140 33.80970764
-100.62985990 33.82104874
-100.62593840 33.89627456
-100.62560270 33.90283584
-100.67018130 33.97760010
-100.68377690 34.00036621
-100.72443390 34.05541611
-100.74740600 34.08648300
-100.76760860 34.13734055
-100.77568050 34.15765000
-100.81113430 34.21965408
-100.83868410 34.26774597
-100.84355930 34.30429459
-100.85337830 34.37774277
-100.84317780 34.39146805
-100.79120640 34.46134949
-100.78449250 34.46705628
-100.70854950 34.53156280
-100.66205600 34.57098389
-100.62945560 34.59331131
-100.55441280 34.64464188
-100.54458620 34.64971924
-100.45209500 34.69747925
-100.42297360 34.71249008
-100.36244960 34.74879074
-100.31650540 34.77630997
-100.29120640 34.81417465
-100.25762180 34.86438370
-100.24383550 34.89507675
-100.20735170 34.97621918
-100.20602420 34.97957611
-100.17221830 35.06522369
-100.15750880 35.10243607
-100.12824250 35.14734268
-100.10759740 35.17900085
-100.09217070 35.23164368
-100.07115940 35.30323410
-100.06707760 35.31930923
-100.04469300 35.40747833
-100.04210660 35.41766739
-100.02400210 35.49592209
-100.02011870 35.51269913
-100.02285000 35.58563614
-100.02377320 35.61027908
-100.04412080 35.67353058
-100.04830170 35.68651199
-100.09419250 35.75339508
-100.11093900 35.77775574
-100.14395900 35.83376694
-100.15743260 35.85658646
-100.18096160 35.91841507
-100.18864440 35.93857956
-100.15795900 36.02509308
-100.15638730 36.02952576
-100.07820130 36.08675385
-99.99567413 36.14701462
-99.97924042 36.15900040
-99.91996765 36.21283340
-99.87950134 36.24953079
-99.85319519 36.28440094
-99.80561829 36.34737778
-99.79405975 36.36067200
-99.73878479 36.42419815
-99.73304749 36.43570328
-99.69134522 36.51922607
-99.68297577 36.53596115
-99.66709900 36.60682297
-99.65013122 36.68240738
-99.63598633 36.68917465
-99.53976440 36.73516846
-99.53424835 36.73780441
-99.44030762 36.77655029
-99.42784119 36.78168488
-99.34499359 36.82382965
-99.33932495 36.82671356
-99.24923706 36.87067032
-99.22306061 36.88342285
-99.14181518 36.87771988
-99.09683990 36.87454224
-99.03089142 36.88412094
-98.97133637 36.89274216
-98.92158508 36.90395355
-98.86392975 36.91692352
-98.81345367 36.92805481
-98.75445557 36.94104004
-98.71066284 36.96215057
-98.66532898 36.98398209
-98.61722565 37.01199341
-98.52623749 37.06488419
-98.45937348 37.10365295
-98.43241882 37.11408234
-98.33106232 37.15324783
-98.31396484 37.15984345
-98.22946930 37.19208527
-98.13238525 37.22902679
-98.12784576 37.23096466
-98.02844238 37.27344513
-97.94457245 37.30919647
-97.93134308 37.31861496
-97.84708405 37.37855911
-97.78289795 37.42411804
-97.77430725 37.44456100
-97.73837280 37.52998352
-97.71395111 37.58791733
-97.72091675 37.61636734
-97.73705292 37.68224716
-97.74679565 37.70388031
-97.78503418 37.78870392
-97.78669739 37.79240036
-97.84667969 37.86424255
-97.88110352 37.90539169
-97.91498566 37.93600845
-97.91798401 37.93872452
-97.98792267 38.00516892
-98.01658630 38.03235626
-98.01410675 38.08699799
-98.01345825 38.10123825
-97.97142029 38.14963913
-97.95587921 38.16160202
-97.92308044 38.18686295
-97.86307526 38.21265412
-97.79145813 38.24390793
-97.78079224 38.26800537
-97.76160431 38.31136322
-97.75820160 38.35544586
-97.75125885 38.44536209
-97.74898529 38.47476196
-97.72004700 38.53096771
-97.69684601 38.57596970
-97.66516876 38.60924148
-97.64009857 38.63554764
-97.60060120 38.68367386
-97.58332825 38.70470429
-97.53317261 38.75658035
-97.53044891 38.75939942
-97.47195435 38.83285141
-97.45108795 38.85902023
-97.41009521 38.90884018
-97.35718536 38.97304916
-97.34795380 38.98473358
-97.28733063 39.06139374
-97.23016357 39.13349915
-97.22734070 39.13834000
-97.17957306 39.22038651
-97.13349915 39.26014328
-97.14130402 39.29612732
-97.16059875 39.38494492
-97.16896820 39.42338562
-97.16556549 39.47440720
-97.16094971 39.54346466
-97.16704559 39.56384659
-97.18394470 39.62026978
-97.18183136 39.65238571
-97.17590332 39.74233627
-97.17392731 39.77235794
-97.15611267 39.79705429
-97.10332489 39.87010956
-97.10144806 39.87638092
-97.07518005 39.96414566
-97.06592560 39.99500656
-97.04905701 40.05194092
-97.02298737 40.13973999
-97.01794434 40.15670776
-97.00280762 40.22843552
-96.99699402 40.25595856
-97.01833343 40.31595230
-97.04315186 40.38558960
-97.04929352 40.40284348
-97.08025360 40.48973847
-97.09010315 40.51731873
-97.09790802 40.53919220
-97.09442902 40.60652161
-97.08975983 40.69649887
-97.08762360 40.73767090
-97.08160400 40.78630448
-97.07295990 40.85612869
-97.07479858 40.87599945
-97.08312988 40.96582794
-97.08364105 40.97134781
-97.11186218 41.05311584
-97.14113617 41.13772964
-97.14191437 41.14025116
-97.16898346 41.22793579
-97.17323303 41.24170685
-97.19358826 41.31604004
-97.21778870 41.40421677
-97.24902344 41.49113464
-97.28052521 41.57800293
-97.31764221 41.66362381
-97.31981659 41.66862106
-97.34774780 41.75077820
-97.35678864 41.77732086
-97.37520599 41.83842087
-97.38957977 41.88601684
-97.41329193 41.92325973
-97.46516419 42.00453949
-97.51716614 42.08579636
-97.52003479 42.09027481
-97.56642151 42.16802216
-97.60101318 42.22587204
-97.61374664 42.25085831
-97.65671539 42.33503723
-97.67594910 42.37263870
-97.70948792 42.41580200
-97.74404144 42.46019745
-97.76301575 42.49633026
-97.77021789 42.51004791
-97.78842926 42.54469299
-97.82769012 42.58884811
-97.88320923 42.65117264
-97.89189911 42.66519165
-97.94268799 42.74704361
-97.97106934 42.79268646
-98.02147675 42.86756897
-98.02584839 42.87315369
-98.05248260 42.90719986
-98.09733581 42.96443939
-98.11219788 42.98576737
-98.16811371 43.06587982
-98.18492889 43.08992386
-98.23484802 43.14119720
-98.27437591 43.18173218
-98.30492401 43.21514892
-98.37342835 43.28993988
-98.38449860 43.30199814
-98.43626404 43.36733627
-98.49813080 43.44521332
-98.50009155 43.44768906
-98.55092621 43.52657699
-98.58498383 43.57930756
-98.59865570 43.60944367
-98.63190460 43.68260574
-98.63831330 43.69468689
-98.68289947 43.77867126
-98.69258118 43.79688644
-98.72737122 43.86269760
-98.74882507 43.90319824
-98.77693939 43.94514847
-98.83131408 44.02611160
-98.87215423 44.08675003
-98.88351441 44.10777664
-98.92889404 44.19160462
-98.93133545 44.19611740
-98.95053101 44.28011322
-98.96523285 44.34428024
-98.97056580 44.36892700
-98.98983765 44.45782471
-99.00499725 44.52751923
-99.00725555 44.54688263
-99.01770019 44.63604736
-99.03417206 44.72212219
-99.03448486 44.72568130
-99.04222870 44.81547546
-99.05000305 44.90525818
-99.05699158 44.98558426
-99.05644226 44.99504852
-99.05125427 45.08493042
-99.04718781 45.15529633
-99.04652405 45.17481613
-99.04347992 45.26474381
-99.04165649 45.31851196
-99.03475952 45.35435104
-99.01757812 45.44347763
-99.01474762 45.45813370
-99.00409698 45.53292084
-98.99131012 45.62241745
-98.98545837 45.66335297
-98.96499634 45.71001053
-98.92721558 45.79598999
-98.88932800 45.88194656
-98.88766480 45.88570786
-98.86822510 45.97063828
-98.84782410 46.05945206
-98.82736969 46.14826203
-98.82128906 46.17462921
-98.81051636 46.23742676
-98.79515839 46.32673645
-98.78434754 46.38948441
-98.78336334 46.41622925
-98.78007507 46.50613785
-98.77695465 46.59106445
-98.77738952 46.59604645
-98.78525543 46.68582535
-98.79180908 46.76032639
-98.79642487 46.77529526
-98.82357788 46.86327744
-98.83110047 46.88759995
-98.85939789 46.94972229
-98.87667847 46.98758316
-98.93145752 47.02108765
-99.02963257 47.08098221
-99.04220581 47.08864212
-99.13767243 47.13227463
-99.24734497 47.18220902
-99.27445984 47.19452286
-99.35863495 47.23053360
-99.41360474 47.25399399
-99.46721649 47.28158951
-99.56577301 47.33219528
-99.57260132 47.33590698
-99.67596436 47.39207840
-99.70408631 47.40732574
-99.78546143 47.44253540
-99.83711242 47.46482849
-99.89807129 47.49002838
-100.01147460 47.53676605
-100.12508390 47.58337784
-100.15481570 47.59554291
-100.23652650 47.63240051
-100.34733580 47.68220902
-100.38198090 47.69773483
-100.45340730 47.73646545
-100.55744930 47.79270554
-100.59178920 47.81122971
-100.66457370 47.84632111
-100.77331540 47.89857101
-100.79422760 47.90859604
-100.87860870 47.95397949
-100.97344970 48.00482559
-100.98429870 48.00905228
-101.10025020 48.05415726
-101.11660770 48.06051254
-101.22013850 48.09446335
-101.31847380 48.12659836
-101.34226230 48.13140869
-101.46492000 48.15614700
-101.47077180 48.15762711
-101.59649660 48.18944168
-101.68351750 48.21136475
-101.72448730 48.21587753
-101.85729220 48.23039627
-101.86316680 48.23104096
-101.97529600 48.27315902
-101.98541260 48.27695465
-102.06120300 48.34163666
-102.14067080 48.40921402
-102.14446260 48.41230011
-102.22989650 48.48186493
-102.28033450 48.52280426
-102.31867980 48.54953766
-102.41214750 48.61453629
-102.43975830 48.63368988
-102.51341250 48.67409134
-102.61806490 48.73130417
-102.64117430 48.74390411
-102.71194460 48.79599381
-102.75525670 48.82779693
-102.80554960 48.86112595
-102.90176390 48.92470932
-102.95073700 48.95696640
-102.98987580 48.99284363
-103.00201420 49.00394821
-102.94103240 49.00373459
-102.02226260 48.99705124
-101.49552920 48.99746704
-100.18568420 49.00091934
-99.53356934 49.00257492
-98.99527740 49.00299454
-97.94371033 49.00242615
-97.22943115 49.00024414
-96.40691376 49.00037384
-95.27665710 49.00311661
-95.15774536 49.00238800
-95.15186310 49.37173462
-95.02446747 49.35264587
-94.93040466 49.35907364
-94.83203888 49.33080292
-94.68125153 48.87716675
-94.70188141 48.82733155
-94.69443512 48.77762222
-94.57031250 48.71367645
-94.45608521 48.69508743
-94.43064117 48.71078873
-94.29234314 48.70771408
-94.26206970 48.69579315
-94.23082733 48.65198898
-93.84390259 48.62473678
-93.80862427 48.57682800
-93.81268310 48.52540970
-93.78110504 48.51158905
-93.51414490 48.53427506
-93.46533966 48.54952622
-93.45777130 48.59271621
-93.30423736 48.63716126
-93.23373413 48.64506149
-93.10372162 48.62818527
