-106.96859740 43.34316635
-106.93161770 43.27101135
-106.92378230 43.26007461
-106.86708070 43.18081665
-106.83153530 43.13101196
-106.81507870 43.10004425
-106.77149200 43.01786423
-106.71824650 42.93606567
-106.70744320 42.91943359
-106.64961240 42.86244202
-106.63725280 42.85023880
-106.55340580 42.80844116
-106.53022000 42.79685974
-106.45314790 42.75735855
-106.42555240 42.74319458
-106.40695950 42.72720337
-106.33742520 42.66730118
-106.32919310 42.65841293
-106.26076510 42.58445358
-106.21234130 42.53198242
-106.18369290 42.51670456
-106.13421630 42.49029541
-106.08128360 42.46881104
-106.00913240 42.43946075
-105.97927090 42.42089462
-105.90875240 42.37698364
-105.89061740 42.36023331
-105.81501770 42.29030228
-105.79872890 42.27519989
-105.74842830 42.21569061
-105.69226070 42.14906693
-105.68465420 42.13967133
-105.62264250 42.06287765
-105.61924740 42.05867386
-105.58927920 41.97707748
-105.58497620 41.96534729
-105.55837250 41.89058685
-105.54677580 41.85792541
-105.54075620 41.80241394
-105.53113560 41.71322250
-105.52845000 41.68827057
-105.51877590 41.62422562
-105.51080320 41.57131195
-105.50966640 41.53508759
-105.50746150 41.46448898
-105.50739290 41.44562149
-105.50710300 41.36382675
-105.50644680 41.35615540
-105.49892430 41.26854706
-105.55731200 41.19230652
-105.56085970 41.19044495
-105.63918300 41.14944077
-105.65641780 41.13723755
-105.72495270 41.08864212
-105.74271390 41.07559204
-105.78318020 41.04586410
-105.84045410 41.06443787
-105.85893250 41.07042313
-105.88887020 41.14123917
-105.89032750 41.14470673
-105.92015080 41.22752380
-105.93850710 41.27837753
-105.95387270 41.31326675
-105.98210910 41.37725830
-105.99584200 41.39673996
-106.04085540 41.46053314
-106.05220790 41.47559738
-106.09887700 41.53744888
-106.11219790 41.55294418
-106.14517970 41.59129715
-106.19351200 41.61627960
-106.24967960 41.64525604
-106.29248810 41.62368393
-106.31384280 41.61290741
-106.38242340 41.56481934
-106.38603210 41.56229782
-106.46620180 41.58128738
-106.49671940 41.57806778
-106.53607180 41.57392883
-106.56243900 41.51750946
-106.56869510 41.50411606
-106.53224950 41.43406677
-106.51772310 41.40609741
-106.49224090 41.34989548
-106.47655490 41.31523895
-106.44338230 41.26868820
-106.42279820 41.23976517
-106.39778900 41.18638992
-106.37957760 41.14744949
-106.35660550 41.10255432
-106.35289000 41.09529495
-106.35952760 41.03725052
-106.39033510 41.03434372
-106.48361970 41.02550888
-106.50099950 41.03888702
-106.54362490 41.07167816
-106.58285520 41.10369110
-106.62362670 41.13690948
-106.66342930 41.16946030
-106.70872500 41.20644379
-106.74958800 41.23078918
-106.78623200 41.25259781
-106.84748080 41.28160858
-106.85769650 41.28644562
-106.94575500 41.32998276
-107.06694030 41.32889938
-107.08914950 41.32869720
-107.13128660 41.26320648
-107.15121460 41.23221207
-107.15100100 41.17734527
-107.15094760 41.16196823
-107.12024690 41.09178543
-107.10791020 41.06353760
-107.07582860 41.00910568
-107.04440310 40.95568466
-107.02573390 40.92821884
-106.97581480 40.85463715
-106.97135160 40.84890366
-106.91152950 40.77185059
-106.90724180 40.76631165
-106.86172490 40.71750259
-106.84819790 40.69667435
-106.79621890 40.61648560
-106.79302220 40.61154938
-106.75401310 40.53311920
-106.74198150 40.50887299
-106.74359890 40.44547272
-106.74418640 40.42245102
-106.73905180 40.35629654
-106.73693080 40.32884598
-106.75878140 40.26929855
-106.76111600 40.26292801
-106.76563260 40.19228744
-106.75897980 40.18145370
-106.70936580 40.10053635
-106.70790100 40.09814072
-106.65992740 40.02709198
-106.65729520 40.02063370
-106.63095860 39.95604706
-106.62532810 39.93480682
-106.60406490 39.85448456
-106.61143490 39.84972763
-106.66932680 39.81234360
-106.71008300 39.81601715
-106.77962490 39.82226944
-106.81657410 39.84418869
-106.85977170 39.86978149
-106.90708160 39.90063095
-106.92692570 39.91355515
-106.98439790 39.96727371
-107.05850980 40.03636551
-107.06319430 40.04072189
-107.14115910 40.09959412
-107.17697910 40.12658310
-107.24174500 40.13927841
-107.30063630 40.15078735
-107.35285190 40.13426971
-107.42713170 40.11074448
-107.45069890 40.08919907
-107.50453950 40.03992844
-107.53077700 40.02468491
-107.60863490 39.97938538
-107.62493900 39.97175598
-107.72464750 39.92505646
-107.73580930 39.91982651
-107.82553100 39.87994766
-107.86327360 39.86315155
-107.87409210 39.93091202
-107.87740330 39.95160293
-107.88946530 40.02681732
-107.89640810 40.03907013
-107.93066410 40.09953308
-107.94649510 40.11944962
-108.00720980 40.19568253
-108.05986790 40.24528503
-108.08444210 40.26253891
-108.13392640 40.29724884
-108.18038940 40.31153488
-108.25646210 40.33488846
-108.28778080 40.34764481
-108.34504700 40.37093735
-108.39609530 40.38082504
-108.41069030 40.38364792
-108.50776670 40.40898895
-108.51248170 40.41022110
-108.52152250 40.41258240
-108.48779300 40.47496033
-108.49243160 40.48893738
-108.52113340 40.57527542
-108.52322390 40.58154297
-108.60575870 40.61639023
-108.62054440 40.61797333
-108.69021610 40.62545013
-108.73484800 40.63833618
-108.78431700 40.65261078
-108.77933500 40.69619751
-108.77523800 40.70057297
-108.73641970 40.74203873
-108.71844480 40.77786255
-108.70182800 40.81095886
-108.73196410 40.85955811
-108.74373630 40.87852096
-108.78615570 40.93644333
-108.85054020 40.96177673
-108.89274600 40.97989273
-108.95257570 41.00553131
-109.00215150 41.00975418
-109.02861790 41.01201630
-109.12071990 41.01576614
-109.13854220 41.01648712
-109.23900600 41.00843048
-109.26501460 41.00634003
-109.35768130 41.00403214
-109.46093750 41.00136948
-109.47626500 40.99942780
-109.54659270 40.99051666
-109.59394070 40.98747253
-109.69033050 40.98123932
-109.71219640 40.98353195
-109.80178070 40.99288940
-109.82899480 40.99889374
-109.89804840 41.01410675
-109.94216920 41.02586746
-109.99080660 41.03881836
-110.05599210 41.05118179
-110.09109500 41.05782700
-110.17066190 41.04088593
-110.25702670 41.01981354
-110.28315730 41.01216888
-110.39382170 40.97977448
-110.40058900 40.97779083
-110.47511290 40.95479965
-110.50396730 40.94651794
-110.54991150 40.93333054
-110.61943820 40.93415833
-110.64868930 40.93450165
-110.67572780 40.99813843
-110.67836000 41.00432968
-110.66194150 41.08553314
-110.65523530 41.11866760
-110.62447360 41.16881943
-110.60884860 41.19428635
-110.57685850 41.25010300
-110.55691530 41.28488541
-110.52470400 41.32978058
-110.50193790 41.36149216
-110.46620180 41.40711212
-110.43729400 41.44398117
-110.43109130 41.48979187
-110.41951750 41.57524109
-110.41873930 41.57798004
-110.39408110 41.66478729
-110.39093780 41.67586899
-110.37676240 41.75249481
-110.40516660 41.83869171
-110.41323850 41.86313248
-110.41212460 41.92665482
-110.41158290 41.95746613
-110.39707180 42.01434708
-110.38431550 42.06435013
-110.37738800 42.10183716
-110.36112980 42.18974304
-110.35295100 42.23395920
-110.35254670 42.27804947
-110.35214230 42.32183838
-110.34873200 42.36668396
-110.34199520 42.45526886
-110.34992980 42.54377747
-110.35350040 42.58187485
-110.35168460 42.63238144
-110.34976200 42.68607712
-110.35437770 42.72091675
-110.36612700 42.80921555
-110.36690520 42.81501770
-110.40158840 42.89398193
-110.43746950 42.97877884
-110.44861600 43.00508118
-110.48537450 43.06017303
-110.52182010 43.11465835
-110.52608490 43.14266205
-110.53594970 43.20722961
-110.52390290 43.22932053
-110.49028780 43.29087067
-110.46097560 43.29894256
-110.37919620 43.32143784
-110.35504910 43.30248642
-110.31719210 43.27274322
-110.26448820 43.24280548
-110.23078160 43.22363663
-110.16764830 43.18808365
-110.09660340 43.14798355
-110.06750490 43.13716125
-109.98812100 43.10759735
-109.95691680 43.09872436
-109.87961580 43.07669449
-109.84536740 43.06219101
-109.78719330 43.03751373
-109.74324040 43.01326752
-109.65716550 42.96567535
-109.64606480 42.95914841
-109.55099490 42.90314865
-109.50634770 42.87678146
-109.45475010 42.84830856
-109.41690830 42.82740021
-109.35472870 42.79727173
-109.28753660 42.76464462
-109.25704190 42.74429703
-109.22155000 42.72058105
-109.16973110 42.68222427
-109.08770750 42.62134933
-109.08454130 42.61863708
-109.01131440 42.55589294
-109.00526430 42.55113602
-108.92246250 42.48596954
-108.90023800 42.46843719
-108.83720400 42.42259216
-108.82909390 42.41668701
-108.73214720 42.37861633
-108.69689180 42.36474228
-108.61785130 42.35059738
-108.56585690 42.34127045
-108.49803920 42.34098434
-108.45882420 42.34081268
-108.39170840 42.37559509
-108.37110140 42.38626862
-108.31015010 42.43540573
-108.30824280 42.43933106
-108.27674870 42.50418472
-108.28425600 42.52368164
-108.31414790 42.60114288
-108.32169340 42.60771561
-108.40003970 42.67594528
-108.42124940 42.69437027
-108.49291990 42.72555924
-108.49760440 42.72780228
-108.59963990 42.77672195
-108.64996340 42.80076981
-108.70095830 42.82647705
-108.74492650 42.84860230
-108.79296110 42.88449478
-108.84273530 42.92162323
-108.87622830 42.94966888
-108.91918180 42.98559570
-108.95021060 43.02032852
-108.97012330 43.04259109
-109.01038360 43.09777069
-109.03079990 43.12570953
-109.08023070 43.17051315
-109.13355260 43.21873093
-109.15810390 43.23933792
-109.23506160 43.30380249
-109.23921200 43.30615616
-109.31797790 43.35084152
-109.33380130 43.36293411
-109.41852570 43.42757034
-109.42622380 43.43343353
-109.51239780 43.48524857
-109.52299500 43.49160767
-109.59307860 43.51748276
-109.61811070 43.53066254
-109.71112820 43.57955551
-109.71857450 43.58242035
-109.82068630 43.62168503
-109.82577510 43.62607956
-109.88121800 43.67401123
-109.87805940 43.70046616
-109.87327580 43.74042893
-109.81379700 43.76420212
-109.74546050 43.79147339
-109.69955440 43.79362869
-109.64562990 43.79613876
-109.57581330 43.79080582
-109.49989320 43.78496551
-109.45616910 43.77104569
-109.34278870 43.73483276
-109.33915710 43.73367691
-109.26541900 43.70163345
-109.23837280 43.68704605
-109.13936620 43.63354492
-109.11469270 43.62018967
-109.03527070 43.58552170
-108.99969480 43.56996536
-108.93621060 43.53253555
-108.89611820 43.50886154
-108.83403020 43.48295975
-108.79179380 43.46531296
-108.72579190 43.44009781
-108.67642210 43.42120361
-108.61168670 43.40723801
-108.53035740 43.38964844
-108.49185940 43.38883209
-108.36850740 43.38612747
-108.29402160 43.38442993
-108.24629970 43.37675857
-108.15217590 43.36157990
-108.12525940 43.36186218
-108.00189970 43.36309052
-107.98612980 43.36324692
-107.87873840 43.36811066
-107.85854340 43.36902618
-107.76287080 43.37965393
-107.75654600 43.38014603
-107.66008000 43.38768387
-107.63378140 43.38612747
-107.55476380 43.38145447
-107.51255040 43.37218857
-107.44184110 43.35664749
-107.40319060 43.33433914
-107.35575870 43.30694199
-107.29524230 43.29547501
-107.24141690 43.28525925
-107.17393490 43.28284073
-107.13903810 43.28158569
-107.05558780 43.29853821
-106.96859740 43.34316635
