-74.00127411 43.13256073
-73.99430084 43.08436584
-73.96527100 43.05236816
-73.91517639 42.99710846
-73.92070770 42.97662735
-73.92984009 42.94272614
-73.94946289 42.89291000
-73.95077515 42.88959122
-73.93093872 42.83634949
-73.93933105 42.80918503
-73.94759369 42.78237915
-73.95417023 42.74185944
-73.96355438 42.68375015
-73.94412232 42.65958786
-73.91644287 42.62517548
-73.88910675 42.58258438
-73.88137817 42.57054901
-73.86590576 42.52934265
-73.88307953 42.50150680
-73.91478729 42.45000839
-73.93943787 42.42575836
-73.98738861 42.37850571
-73.99774933 42.35163117
-74.00173187 42.34126282
-74.02318573 42.28545761
-74.02513123 42.25716400
-74.02854919 42.20709229
-74.04010010 42.17197800
-74.05598450 42.12353516
-74.06835937 42.08820724
-74.08198547 42.04923630
-74.11705780 42.01070786
-74.12384796 42.00324249
-74.14694977 41.97778702
-74.21141052 41.94640732
-74.24242401 41.93127823
-74.30113983 41.88948440
-74.32128906 41.87512588
-74.33677673 41.83892059
-74.35572815 41.79448700
-74.37270355 41.75664902
-74.40673065 41.68056107
-74.41069031 41.67495728
-74.45304108 41.61489868
-74.46412659 41.59782410
-74.49875641 41.54436112
-74.52177429 41.52280045
-74.55918121 41.48771286
-74.60402680 41.46102142
-74.66606903 41.42402268
-74.69886017 41.40883637
-74.79929352 41.36222076
-74.81411743 41.35532379
-74.87754822 41.30701447
-74.88323212 41.30149460
-74.95133972 41.23525619
-74.95397186 41.23207855
-75.01529694 41.15811157
-75.09211731 41.09667969
-75.09532928 41.09432220
-75.17147064 41.03850556
-75.17884064 41.03293991
-75.26113892 40.97072220
-75.28093719 40.95572281
-75.35073090 40.91433716
-75.36862183 40.90371704
-75.46147919 40.88748169
-75.46603394 40.88669205
-75.57260895 40.86809158
-75.57688904 40.86836243
-75.66647339 40.87402725
-75.68552399 40.88977051
-75.72787476 40.92475128
-75.74009705 40.96379471
-75.74996185 40.99532318
-75.75062561 41.04965973
-75.75115967 41.09543610
-75.76242828 41.13551712
-75.77698517 41.18733597
-75.78639984 41.22047424
-75.79597473 41.25421906
-75.77199554 41.30343247
-75.75260162 41.34315872
-75.71938324 41.38049317
-75.70273590 41.39918900
-75.63220215 41.43820191
-75.59688568 41.45769882
-75.54708099 41.49839401
-75.50791931 41.53031921
-75.47972870 41.56912613
-75.45294189 41.60593796
-75.51203918 41.62031555
-75.53227234 41.62524414
-75.61521912 41.58960342
-75.67786408 41.55496979
-75.71042633 41.53484726
-75.80082703 41.47884369
-75.88416290 41.41616440
-75.90123749 41.40330505
-75.96325684 41.35132599
-75.98387909 41.33401108
-76.04326629 41.28709412
-76.04985046 41.28188705
-76.06739044 41.26800156
-76.13671875 41.22267914
-76.15133667 41.21310806
-76.22184753 41.16530991
-76.34247589 41.15136337
-76.37402344 41.14770126
-76.45913696 41.16162491
-76.51087952 41.17007446
-76.56352234 41.19941711
-76.61447144 41.22779083
-76.66040039 41.25024414
-76.70507812 41.27207565
-76.76207733 41.29587555
-76.84774780 41.33160782
-76.86854553 41.33079529
-76.98780823 41.32614136
-77.01386261 41.32511139
-77.10308075 41.30528259
-77.18784332 41.28635788
-77.21789551 41.28191376
-77.33480072 41.26456451
-77.39848328 41.25506210
-77.44725800 41.23772812
-77.55042267 41.20095825
-77.55380249 41.19894028
-77.64595032 41.14377976
-77.69174194 41.11629868
-77.73958588 41.09008408
-77.81429291 41.04905701
-77.83329010 41.03656769
-77.92167664 40.97834396
-77.96307373 40.95100403
-78.01618195 40.92611313
-78.11610413 40.87915039
-78.11911011 40.87774277
-78.19969940 40.81742477
-78.24657440 40.78224945
-78.27982330 40.75326538
-78.31891632 40.71914291
-78.34713745 40.68198395
-78.40483856 40.60580063
-78.43560791 40.52152634
-78.44896698 40.48411560
-78.45004272 40.43543625
-78.45111847 40.38603210
-78.47306061 40.35174942
-78.52342987 40.27283478
-78.57364655 40.19387817
-78.60094452 40.15084457
-78.62169647 40.11420822
-78.64303589 40.07647324
-78.66368866 40.03268433
-78.68968964 39.97741318
-78.69872284 39.94940949
-78.71935272 39.88522720
-78.72831726 39.86491775
-78.76445770 39.78274536
-78.76840973 39.69446945
-78.76903534 39.68035889
-78.80290222 39.61162949
-78.80680084 39.60370254
-78.86148071 39.54232407
-78.86540985 39.53820419
-78.93307495 39.46717834
-78.94981384 39.44956970
-79.00509644 39.39869690
-79.05324554 39.35429001
-79.06762695 39.32624817
-79.10935974 39.24466705
-79.16289520 39.16947174
-79.20703888 39.09683227
-79.21096802 39.08773804
-79.23854065 39.02387238
-79.25047302 39.00571442
-79.28687286 38.95023727
-79.31290436 38.93410492
-79.34665680 38.91315842
-79.40400696 38.92642212
-79.40866089 38.93462372
-79.43144226 38.97487259
-79.44615173 39.01726150
-79.46044159 39.05843735
-79.51689911 39.05090714
-79.56017303 38.97956467
-79.56257629 38.96912384
-79.58094025 38.88906479
-79.58484650 38.88348389
-79.63884735 38.80615234
-79.64623260 38.79556274
-79.68667602 38.72652435
-79.68988037 38.72106171
-79.73728943 38.64790726
-79.74057770 38.64281845
-79.79325867 38.57276535
-79.83144379 38.52755737
-79.86362457 38.48937607
-79.90016937 38.45778656
-79.97593689 38.39212418
-80.05039215 38.32560730
-80.06392670 38.31349564
-80.12538147 38.25949097
-80.14779663 38.23976517
-80.19554138 38.19041443
-80.23547363 38.14905167
-80.26576996 38.12137222
-80.29862213 38.09131622
-80.32838440 38.04864121
-80.33589172 38.03787231
-80.34661865 37.96279144
-80.34898376 37.94616699
-80.33900452 37.87551499
-80.33573151 37.85240936
-80.36167145 37.79109573
-80.36296081 37.78804779
-80.37874603 37.72843933
-80.38565064 37.70534515
-80.39646912 37.66909409
-80.35453033 37.63031006
-80.42058563 37.57260895
-80.43294525 37.56912994
-80.53926849 37.53916931
-80.54533386 37.53746033
-80.63806152 37.49664688
-80.66348267 37.48543549
-80.73204803 37.44807053
-80.74496460 37.44101334
-80.82363892 37.40882111
-80.83161163 37.40721130
-80.94088745 37.38512421
-80.96043396 37.38116455
-81.05255127 37.38943481
-81.07058716 37.39105225
-81.15792847 37.39307403
-81.16532898 37.39324951
-81.27821350 37.39585114
-81.28995514 37.39612198
-81.35376740 37.33499527
-81.42378235 37.28853989
-81.44416046 37.27502823
-81.52291107 37.24811554
-81.53851318 37.24277496
-81.62825775 37.21700668
-81.66838837 37.20545197
-81.73439789 37.18761063
-81.80407715 37.16872025
-81.84062195 37.15846634
-81.94651794 37.12867737
-81.96789551 37.12265015
-82.05039978 37.09495163
-82.09202576 37.08095169
-82.15572357 37.06432343
-82.20759583 37.05076218
-82.26131439 37.03422165
-82.30905914 37.01948929
-82.35870361 37.00413895
-82.41083527 36.98250198
-82.47113037 36.95742798
-82.51018524 36.94142151
-82.60963440 36.90056610
-82.70461273 36.85831833
-82.77065277 36.87247848
-82.75349426 36.90673447
-82.74134827 36.93094253
-82.81898498 36.91880798
-82.84556580 36.91464233
-82.91682434 36.87803650
-82.98648071 36.84215927
-83.01409149 36.83547211
-83.07952881 36.81958389
-83.11980438 36.80642319
-83.22325134 36.77252960
-83.26630402 36.75838089
-83.32656097 36.73844910
-83.39498138 36.71575928
-83.42708588 36.70012283
-83.47444153 36.67702484
-83.52607727 36.65944290
-83.60086822 36.63391113
-83.62912750 36.62514877
-83.71788025 36.59757233
-83.73307037 36.59265518
-83.83644867 36.55912018
-83.90105438 36.53809738
-83.93853760 36.52337647
-84.02159882 36.49068832
-84.03724670 36.48228836
-84.10546875 36.44561386
-84.11655426 36.42417526
-84.13816834 36.38232422
-84.14186859 36.33901978
-84.14649200 36.28464890
-84.14553833 36.25048447
-84.14389801 36.19217682
-84.15145111 36.16244125
-84.16705322 36.10084152
-84.19232941 36.08476639
-84.27628326 36.03126526
-84.27961731 36.03025818
-84.38337708 35.99893951
-84.39372253 35.99580765
-84.48345184 35.96309662
-84.52282715 35.94870758
-84.58385468 35.92556381
-84.68390656 35.88750076
-84.69441223 35.88349533
-84.76493835 35.82772064
-84.81917572 35.78472138
-84.83962250 35.76255417
-84.90533447 35.69116974
-84.92647553 35.66816330
-84.96870422 35.61847305
-85.00374603 35.57717133
-85.03284454 35.54624557
-85.08862305 35.48685455
-85.09823608 35.47479248
-85.15676117 35.40121841
-85.20343781 35.31919479
-85.20481110 35.31677627
-85.24436951 35.24899673
-85.24694824 35.23793793
-85.26728821 35.15060043
-85.27081299 35.13541412
-85.25234985 35.06351852
-85.24568939 35.03757477
-85.23982239 34.97536850
-85.23872375 34.96374512
-85.29147339 34.89951706
-85.31259155 34.87376022
-85.34795380 34.82347107
-85.36186218 34.80366898
-85.29121399 34.81765747
-85.28287506 34.81621170
-85.22998047 34.80704880
-85.23519134 34.76234818
-85.23822784 34.73627472
-85.26711273 34.67818069
-85.28501129 34.64212799
-85.31424713 34.59820175
-85.34471130 34.55235672
-85.37690735 34.52669144
-85.45471954 34.46453857
-85.48551178 34.43989181
-85.52170563 34.39510345
-85.56556702 34.34073257
-85.58597565 34.32382584
-85.66226196 34.26053619
-85.68640137 34.24046707
-85.74591827 34.20425415
-85.81147003 34.16429520
-85.83549499 34.15459061
-85.93061066 34.11609268
-86.02489472 34.06847000
-86.08867645 34.03617096
-86.11615753 34.02060699
-86.17870331 33.98514175
-86.20359802 33.96826172
-86.28270721 33.91454697
-86.28566742 33.91062546
-86.34268951 33.83496475
-86.35482025 33.81884384
-86.43726349 33.83599472
-86.44537353 33.83768463
-86.54140472 33.81572342
-86.58278656 33.80624008
-86.61466980 33.75945282
-86.64639282 33.71281052
-86.67814636 33.68870926
-86.71446991 33.66110229
-86.74871826 33.62192154
-86.81177521 33.54964066
-86.81955719 33.54070663
-86.88917542 33.48797989
-86.89363861 33.48459625
-86.97346497 33.43260956
-86.99161530 33.42077637
-87.04888916 33.36933518
-87.08606720 33.33588791
-87.12758636 33.30906677
-87.16078186 33.28759766
-87.20358276 33.24663544
-87.22563171 33.22550964
-87.23957062 33.23638535
-87.25714874 33.24532700
-87.34873962 33.29189682
-87.35408783 33.29461670
-87.43030548 33.31797027
-87.44538879 33.32875443
-87.48020172 33.35363769
-87.49249268 33.40375137
-87.50410462 33.45107269
-87.50936890 33.49184799
-87.51967621 33.57179260
-87.52210236 33.58047867
-87.54637146 33.66749954
-87.55283356 33.69065857
-87.57125092 33.75441360
-87.59474945 33.83569336
-87.59552002 33.84141159
-87.60536194 33.91460419
-87.60691833 33.93023682
-87.61579132 34.01926422
-87.62184143 34.08005524
-87.62992096 34.10759735
-87.65540314 34.19443512
-87.68091583 34.28127670
-87.69222260 34.31972885
-87.71372223 34.36627197
-87.75024414 34.44527054
-87.75313568 34.44950485
-87.80638123 34.52746201
-87.83405304 34.56793976
-87.84974670 34.60893631
-87.80884552 34.61189651
-87.74081421 34.61678696
-87.70153809 34.60790634
-87.64567566 34.59525681
-87.60020447 34.57621384
-87.56188202 34.56016541
-87.49889374 34.54417420
-87.45385742 34.53272629
-87.39384460 34.52067947
-87.38906860 34.51972580
-87.29376221 34.48563385
-87.26930237 34.47687531
-87.21672058 34.45996857
-87.19306946 34.45173264
-87.11006165 34.42279816
-87.09385681 34.41528320
-87.06022644 34.39967728
-86.99010468 34.39888763
-86.94547272 34.39836884
-86.88974762 34.42438889
-86.85250854 34.44175339
-86.78863525 34.45522690
-86.77645874 34.45779419
-86.71473694 34.43674088
-86.68549347 34.43917084
-86.64775848 34.44230652
-86.58142853 34.46278000
-86.57474518 34.46483993
-86.49114990 34.51226425
-86.48437500 34.51610565
-86.46156311 34.55715942
-86.46842194 34.59401703
-86.47662353 34.63807297
-86.47397613 34.68258285
-86.47322845 34.69511795
-86.39606476 34.73861694
-86.38250732 34.74625015
-86.32276916 34.78408432
-86.31885528 34.79766083
-86.30484772 34.84622192
-86.29240417 34.88409042
-86.26562500 34.96541977
-86.26302338 34.96981812
-86.22261047 35.03808594
-86.21089172 35.04737091
-86.13027191 35.11114502
-86.04623413 35.16462326
-86.01831055 35.18236160
-85.96379089 35.22330093
-85.92169952 35.25485992
-85.88455963 35.28493118
-85.81729889 35.33927917
-85.80722046 35.34816360
-85.73276520 35.41366196
-85.72719574 35.41855240
-85.66286469 35.48239136
-85.64208221 35.50297928
-85.59941101 35.55497742
-85.52660370 35.62178421
-85.50996399 35.63703537
-85.47576141 35.69988251
-85.47206879 35.70666504
-85.44157410 35.76584244
-85.43303680 35.78188324
-85.41414642 35.81734467
-85.39965820 35.86632538
-85.39032745 35.89783096
-85.39657593 35.95414734
-85.40139008 35.99756622
-85.39124298 36.04216766
-85.37831879 36.09881592
-85.37416077 36.12996674
-85.36231232 36.21838379
-85.36170197 36.22296143
-85.33286285 36.30405426
-85.33049774 36.31069183
-85.27217102 36.36553574
-85.26209259 36.37157059
-85.21269226 36.40113068
-85.17788696 36.42940140
-85.15319824 36.44943237
-85.09667969 36.49024963
-85.06529999 36.53786087
-85.05986023 36.57268143
-85.05672455 36.59271622
-85.05949402 36.63914490
-85.05913544 36.66134644
-85.05855560 36.69635010
-85.03282929 36.74617386
-85.02963257 36.75237656
-84.96995544 36.76075363
-84.92703247 36.75975418
-84.90781403 36.75930405
-84.85662079 36.73982620
-84.82481384 36.75317764
-84.78325653 36.77059937
-84.76312256 36.81958389
-84.76002502 36.82712173
-84.73802948 36.90609360
-84.73588562 36.91377640
-84.64559936 36.91089630
-84.63413238 36.90830994
-84.56782532 36.89334106
-84.53045654 36.91055298
-84.50013733 36.92450714
-84.47395325 36.97269821
-84.46318054 36.97201157
-84.39604187 36.96773529
-84.37448883 36.99888992
-84.35601807 37.02557755
-84.35394287 37.08385849
-84.35221863 37.13175964
-84.36407471 37.17149353
-84.36642456 37.17939377
-84.38435364 37.22900772
-84.37504578 37.25710297
-84.35527801 37.31663513
-84.33663940 37.33953857
-84.32188416 37.35766220
-84.34484100 37.40145874
-84.32627106 37.41491699
-84.30075836 37.43338776
-84.25157166 37.47111511
-84.25029755 37.47850418
-84.23506165 37.56640625
-84.21625519 37.56916809
-84.12716675 37.59278488
-84.10092163 37.59973145
-84.03005219 37.63720703
-84.01100159 37.64726257
-83.92835999 37.67576218
-83.90233612 37.68471909
-83.85607147 37.74039078
-83.85024261 37.74739075
-83.80663300 37.80779648
-83.79667664 37.81544495
-83.73056030 37.86616898
-83.73811340 37.88132095
-83.74386597 37.89288330
-83.75151825 37.90826416
-83.74497986 37.95526504
-83.71765900 37.96808243
-83.67098236 37.98995590
-83.66439056 38.03584290
-83.66378021 38.04005051
-83.60686493 38.08139038
-83.58273315 38.09598541
-83.55364227 38.11356354
-83.50780487 38.16087341
-83.50505066 38.20827484
-83.52823639 38.24604797
-83.53654480 38.25957489
-83.56084442 38.31641007
-83.55794525 38.32996750
-83.54384613 38.39563370
-83.53724670 38.41703796
-83.52249146 38.46480560
-83.50865936 38.50278091
-83.50523376 38.51216507
-83.45986939 38.56586075
-83.44846344 38.57761002
-83.37960052 38.64842224
-83.37217712 38.65605164
-83.32212830 38.72187424
-83.32055664 38.72427750
-83.26874542 38.80329895
-83.25714874 38.82095718
-83.26146698 38.88962936
-83.26167297 38.89309311
-83.27130890 38.97784042
-83.29335022 39.06476212
-83.29987335 39.09008408
-83.31400299 39.12104035
-83.30049133 39.17132187
-83.28172302 39.20562744
-83.26117706 39.24314499
-83.20479584 39.26393128
-83.15292358 39.28300857
-83.09933472 39.30051804
-83.06338501 39.31224442
-82.98741913 39.32105255
-82.94128418 39.32638168
-82.87641907 39.34497833
-82.85902405 39.34996033
-82.80735779 39.40740585
-82.80538178 39.41175079
-82.76734924 39.49529648
-82.75720978 39.51751709
-82.68573761 39.55298233
-82.67989349 39.55587769
-82.59118652 39.60446167
-82.57771301 39.61182404
-82.55223083 39.67235565
-82.54965973 39.68442917
-82.54065704 39.72663498
-82.51798248 39.76889801
-82.51261902 39.77888107
-82.45180511 39.84132385
-82.41097260 39.91749191
-82.41244507 39.92349625
-82.43224335 40.00449371
-82.43318939 40.01047897
-82.44706726 40.09826279
-82.50057221 40.17682648
-82.47378540 40.26117706
-82.45629883 40.35023117
-82.45546722 40.35442734
-82.46949768 40.43579101
-82.49356079 40.51999283
-82.49720764 40.52350235
-82.56572723 40.58944702
-82.56911468 40.59364700
-82.63008118 40.66946411
-82.63591003 40.73667908
-82.62102509 40.75439072
-82.58370209 40.79873657
-82.56972504 40.80813217
-82.48551178 40.86463165
-82.48108673 40.86670303
-82.38068390 40.91375351
-82.35128784 40.92750168
-82.28401184 40.96490860
-82.25548554 40.98073959
-82.21974182 41.03660202
-82.13219452 41.09617615
-82.10676575 41.11318207
-82.03892517 41.15090942
-81.98797607 41.17918396
-81.95051575 41.20950699
-81.88942718 41.25884628
-81.87511444 41.27735519
-81.83339691 41.33121872
-81.81226349 41.35223007
-81.78238678 41.38191223
-81.73628235 41.45922089
-81.67401886 41.49037552
-81.63395691 41.50451660
-81.52589417 41.54254532
-81.48654175 41.55635071
-81.42355347 41.58793259
-81.32440186 41.63750076
-81.28561401 41.65684509
-81.22137451 41.68249893
-81.11866760 41.72338486
-81.02111053 41.77877045
-80.92593384 41.83259964
-80.91722870 41.83751297
-80.82098389 41.87550736
-80.72003937 41.91521454
-80.71437836 41.91616821
-80.59694671 41.93596649
-80.51391601 41.94989777
-80.47958374 41.95610047
-80.36250305 41.97717666
-80.27682495 41.99250793
-80.24839783 42.00384903
-80.14251709 42.04599762
-80.09477997 42.06494903
-80.04061127 42.09284973
-79.96936798 42.12947082
-79.94179535 42.14339447
-79.84243011 42.19344330
-79.80046081 42.21452713
-79.73909759 42.23891830
-79.63284302 42.28103256
-79.60183716 42.29328919
-79.52318573 42.31823731
-79.45861054 42.33866883
-79.41165161 42.35265350
-79.29941559 42.38596725
-79.29174042 42.38823700
-79.19272613 42.42769623
-79.10382080 42.46299362
-79.08622742 42.46983337
-78.97920990 42.51136398
-78.91586304 42.53586197
-78.88066101 42.56114578
-78.79441070 42.62292862
-78.77715302 42.63526916
-78.70930481 42.68555832
-78.62432861 42.74833679
-78.61911011 42.75218200
-78.52577210 42.79983139
-78.50002289 42.81295014
-78.41273499 42.83034515
-78.33575440 42.84561539
-78.29460144 42.85285187
-78.17580414 42.87365723
-78.16539764 42.87547303
-78.05374145 42.87398910
-78.01611328 42.87347794
-77.93347931 42.85993195
-77.83326721 42.84343720
-77.81394959 42.84121704
-77.69315338 42.82732392
-77.67572784 42.82530975
-77.57270050 42.83826446
-77.52866364 42.84377670
-77.45105744 42.84387970
-77.38748169 42.84393310
-77.32874298 42.84303284
-77.21134949 42.84115601
-77.20645142 42.84088516
-77.08446503 42.83428955
-77.00654602 42.83001327
-76.96250153 42.82748413
-76.84058380 42.82040787
-76.82613373 42.81956482
-76.72291565 42.84152221
-76.67369843 42.85196304
-76.60957337 42.87347030
-76.52387238 42.90213394
-76.50070191 42.91276932
-76.40346527 42.95731354
-76.39838409 42.96036911
-76.32362366 43.00527191
-76.30159759 43.01289368
-76.19139862 43.05092239
-76.15930176 43.06196594
-76.07328033 43.07124329
-76.02077484 43.07688141
-75.95231629 43.08584595
-75.85719299 43.09823990
-75.83127594 43.10010147
-75.70907593 43.10879898
-75.62724304 43.11454391
-75.50910187 43.13818741
-75.49299622 43.14139938
-75.48171234 43.21588898
-75.48030853 43.22507858
-75.54169464 43.28955841
-75.56867218 43.31787109
-75.62485504 43.35290909
-75.66293335 43.37664414
-75.72410583 43.40430450
-75.81120300 43.44363403
-75.82461548 43.45422363
-75.90307617 43.51615143
-75.90561676 43.51984024
-75.95948792 43.59820938
-75.98200226 43.63093567
-75.98165893 43.68157578
-75.98151398 43.70101547
-75.96375275 43.76734162
-75.95664978 43.79381943
-75.91354370 43.84559250
-75.88274384 43.88249588
-75.83752441 43.91326141
-75.77535248 43.95545959
-75.74731445 43.97299957
-75.69441223 44.00604630
-75.69115448 44.03499603
-75.68655396 44.03091812
-75.62851715 43.97954941
-75.60803986 43.96329880
-75.56306458 43.92758560
-75.52550507 43.89807510
-75.46746826 43.85244369
-75.44468689 43.83194733
-75.38703918 43.78006744
-75.37171936 43.76170731
-75.32556915 43.70640182
-75.31764984 43.68423843
-75.29445648 43.61925507
-75.28740692 43.60002899
-75.26181030 43.53024673
-75.25521088 43.51623917
-75.22885895 43.46032333
-75.21523285 43.43410110
-75.19583893 43.39675903
-75.14408112 43.36687851
-75.13039398 43.35897827
-75.04866791 43.31174850
-75.04447174 43.30932617
-74.94661713 43.26299667
-74.92684936 43.25362396
-74.83198547 43.23269653
-74.82197571 43.23049164
-74.73396301 43.21688843
-74.71170807 43.21422958
-74.60135651 43.20102310
-74.59326172 43.19557953
-74.53816223 43.15859222
-74.51402283 43.13022232
-74.49439239 43.10715485
-74.41752625 43.08194351
-74.39968872 43.07608795
-74.32657623 43.10646820
-74.31277466 43.11469650
-74.27625275 43.13646698
-74.21930695 43.17056656
-74.19602203 43.18449020
-74.11534882 43.15270996
-74.09945679 43.14644623
-74.02307129 43.12664413
-74.00127411 43.13256073
