-111.33583830 44.42163467
-111.25561520 44.39030838
-111.23989110 44.36919403
-111.18163300 44.29077530
-111.17078400 44.27615356
-111.15550990 44.20489883
-111.15476230 44.20140839
-111.16609950 44.11670303
-111.16998290 44.08764648
-111.19564820 44.03107452
-111.20377350 44.01315689
-111.22824860 43.94557953
-111.25766750 43.86425018
-111.26091000 43.86024475
-111.32292940 43.78344727
-111.33370210 43.77009582
-111.38687130 43.70750809
-111.41567230 43.67356110
-111.45230870 43.63225937
-111.48422240 43.59625244
-111.52165220 43.55891419
-111.58316800 43.49747467
-111.59373470 43.48694229
-111.66576390 43.41510391
-111.72858430 43.36703110
-111.73342130 43.36333084
-111.83135220 43.31831741
-111.86367800 43.30344009
-111.94046780 43.27748489
-112.00150300 43.25680924
-112.04186250 43.22922897
-112.08522030 43.19956207
-112.13639830 43.17290497
-112.23593140 43.12096786
-112.28589630 43.09485245
-112.33010860 43.06448364
-112.41835780 43.00376892
-112.48582460 42.95481491
-112.50705720 42.94213867
-112.58591460 42.89503860
-112.60159300 42.88593674
-112.66117100 42.85132599
-112.69818120 42.83171463
-112.76644900 42.79548645
-112.78768160 42.77309799
-112.85668950 42.70026398
-112.88110350 42.67446518
-112.94454190 42.64065933
-112.98206330 42.62064362
-113.04242710 42.58804703
-113.13300320 42.53903580
-113.13999180 42.53520966
-113.23713680 42.48205948
-113.25837710 42.47042084
-113.32681270 42.42266083
-113.37001040 42.39247894
-113.41725160 42.36386871
-113.42503360 42.35915756
-113.49836730 42.29842377
-113.52960200 42.27252960
-113.57254030 42.22886276
-113.59526820 42.20573044
-113.63105010 42.15208054
-113.64226530 42.13524628
-113.70167540 42.08103561
-113.74799350 42.03872299
-113.77262120 42.00994110
-113.79467010 41.98416138
-113.84323880 41.93869400
-113.86112210 41.92194748
-113.94755550 41.90007019
-113.97998810 41.89184570
-114.06472780 41.88034057
-114.12357330 41.87231827
-114.18316650 41.86419296
-114.26077270 41.85357666
-114.29280090 41.83430099
-114.34520720 41.80276108
-114.37236790 41.76997375
-114.40089420 41.73550797
-114.44783020 41.70252228
-114.51602170 41.65452194
-114.53787230 41.64490890
-114.64073180 41.59959793
-114.64820860 41.59630585
-114.75366970 41.57038116
-114.80129240 41.55863953
-114.87084960 41.56127548
-114.90941620 41.56272125
-114.98520660 41.58406067
-115.05909730 41.60480881
-115.07325740 41.60929871
-115.17704010 41.64212799
-115.18349460 41.64372635
-115.27138520 41.66552353
-115.29850010 41.66675186
-115.37344360 41.67012405
-115.41642760 41.66038895
-115.44322970 41.65431214
-115.52576450 41.62459946
-115.53028870 41.62297440
-115.64024350 41.59842300
-115.65548710 41.59501648
-115.75666050 41.57729340
-115.76570130 41.57571030
-115.86862180 41.56861115
-115.87557220 41.57007599
-115.94110870 41.58388138
-115.98422240 41.60454941
-116.08442690 41.65244293
-116.08731840 41.65383148
-116.18505100 41.69342804
-116.18931580 41.69474030
-116.25544740 41.71519852
-116.30146790 41.72558975
-116.35704800 41.73811340
-116.41901400 41.73858261
-116.53162380 41.72009277
-116.53636930 41.72006607
-116.65653230 41.71950150
-116.66772460 41.71945190
-116.77613070 41.71112442
-116.80509950 41.70888901
-116.88845060 41.73528290
-116.90303800 41.73990249
-116.99172210 41.77951813
-117.06261440 41.81109619
-117.09647370 41.82181549
-117.16342930 41.84297562
-117.19878390 41.86557007
-117.28900910 41.92307281
-117.31432340 41.93917847
-117.37784580 41.98175049
-117.44239040 42.02489471
-117.46234130 42.04339981
-117.53641510 42.11196137
-117.55497740 42.12910843
-117.61243440 42.17943954
-117.68922420 42.24650955
-117.69715120 42.25341797
-117.75303650 42.32018662
-117.78761290 42.36137772
-117.81749730 42.39366913
-117.88373570 42.46508026
-117.95149990 42.53841400
-117.97708890 42.56602859
-118.03009800 42.60408783
-118.11596680 42.66556168
-118.14201350 42.68416977
-118.19207000 42.71726990
-118.24774930 42.75402069
-118.28343200 42.77462769
-118.37822720 42.82922363
-118.38394170 42.83250809
-118.48856350 42.86609650
-118.59820560 42.90113831
-118.70912930 42.94085693
-118.73857880 42.95137405
-118.82390590 42.97032166
-118.88632970 42.98413849
-118.94242100 42.99167252
-119.06285100 43.00775909
-119.09831240 43.01247406
-119.18477630 43.01511383
-119.29991150 43.01853943
-119.30729680 43.01903915
-119.42938230 43.02729797
-119.53258510 43.03417587
-119.55157470 43.03359604
-119.67417140 43.02983856
-119.76573940 43.02695846
-119.79679110 43.02700043
-119.91948700 43.02710342
-119.99964140 43.02711105
-120.04213710 43.02827454
-120.16472630 43.03157425
-120.19025420 43.03224564
-120.28694150 43.03866959
-120.33972170 43.04215622
-120.40908050 43.04679108
-120.53123470 43.05485153
-120.61327360 43.06019974
-120.65197750 43.06804275
-120.76984410 43.09185028
-120.80948640 43.09982681
-120.89103700 43.09940720
-120.93694310 43.09914780
-121.01306150 43.10673523
-121.13465120 43.11874390
-121.21312710 43.12642288
-121.25660710 43.12858963
-121.37917330 43.13462448
-121.38585660 43.13495636
-121.50188450 43.13017654
-121.57466130 43.12713242
-121.62463380 43.12576675
-121.74744420 43.12234879
-121.77367400 43.12159729
-121.85579680 43.11507797
-121.85607910 43.13748169
-121.85051730 43.20070267
-121.84639740 43.24776840
-121.83945470 43.28609467
-121.82540890 43.36367798
-121.82190700 43.37089920
-121.81723020 43.38055801
-121.77779390 43.46197510
-121.75743870 43.50397873
-121.75298310 43.54542541
-121.74468230 43.62300491
-121.74186710 43.63083649
-121.71190640 43.71421814
-121.70190430 43.74207687
-121.68965150 43.79867554
-121.67584990 43.86241913
-121.66810610 43.88322067
-121.63711550 43.96651077
-121.62686160 43.99404907
-121.61109920 44.05057144
-121.58753970 44.13502884
-121.57813260 44.16875458
-121.57855990 44.22039032
-121.57930760 44.30633926
-121.57962800 44.34088898
-121.55986020 44.39054871
-121.52677920 44.47359848
-121.51988220 44.49092483
-121.46313480 44.54701996
-121.43350980 44.57629395
-121.43508150 44.62679672
-121.43724820 44.69539642
-121.44168850 44.71254349
-121.46321870 44.79545212
-121.49578090 44.88035583
-121.50409700 44.90198898
-121.50696560 44.96562576
-121.50803380 44.98915100
-121.47956850 45.04870224
-121.46546940 45.07819366
-121.44858550 45.13217163
-121.43061830 45.18961334
-121.42253110 45.21653748
-121.40696720 45.26827621
-121.39712520 45.30099487
-121.38330080 45.34694672
-121.40403750 45.38359833
-121.43275450 45.43423843
-121.45101170 45.46355057
-121.49636840 45.53617096
-121.50021360 45.54291916
-121.53395840 45.60194779
-121.52721410 45.62431335
-121.50172420 45.70880890
-121.50088500 45.71158600
-121.42832950 45.77945328
-121.35316470 45.84962463
-121.35002140 45.85255814
-121.27565770 45.91871643
-121.21528630 45.97234344
-121.19850160 45.98804855
-121.12326050 46.05839157
-121.06700130 46.11088944
-121.04767610 46.12863159
-120.97136690 46.19858551
-120.96510310 46.20433044
-120.93090820 46.28036499
-120.91251370 46.32124329
-120.90296170 46.36456680
-120.89136510 46.41718674
-120.87826540 46.44931793
-120.84697720 46.52600098
-120.83948520 46.53103638
-120.77462010 46.57468414
-120.76766200 46.59957123
-120.75077820 46.65996551
-120.74700930 46.68494415
-120.73702240 46.75123596
-120.71434020 46.76436996
-120.61561580 46.82147598
-120.59056850 46.83595276
-120.54161070 46.89202881
-120.57702640 46.97502899
-120.58173370 46.98575592
-120.61530300 47.05774307
-120.68373870 47.09865189
-120.62393950 47.14450073
-120.58503720 47.15086365
-120.46617890 47.17026138
-120.45796970 47.17343140
-120.34403230 47.21741486
-120.29917140 47.23469925
-120.25312040 47.27783966
-120.18740080 47.33933640
-120.18190000 47.35050964
-120.15052800 47.41436768
-120.14505000 47.43375778
-120.12091830 47.51909638
-120.11866760 47.52705765
-120.11267850 47.60562897
-120.11168670 47.61868668
-120.10186000 47.69211197
-120.09729000 47.72632217
-120.08295440 47.77795410
-120.07596590 47.80312347
-119.98634340 47.82219315
-119.95366670 47.82912826
-119.86524200 47.85314179
-119.80828860 47.93438339
-119.79173280 47.95796585
-119.76971440 48.01730728
-119.74845120 48.07454300
-119.74252320 48.10234833
-119.72747800 48.17299271
-119.63604740 48.16115952
-119.59491730 48.16104889
-119.46049500 48.16060638
-119.36789700 48.16022110
-119.32607270 48.16050339
-119.19165040 48.16133118
-119.12611390 48.16168213
-119.05732730 48.15943909
-118.94612880 48.15574646
-118.93140410 48.14427185
-118.84566500 48.07738876
-118.76017760 48.01042175
-118.75524140 48.00654602
-118.66619110 47.94854355
-118.66121670 47.94530106
-118.53484340 47.95245743
-118.52555850 47.95298004
-118.41062930 47.92193604
-118.38789370 47.91578674
-118.29116060 47.88304138
-118.28639220 47.88143158
-118.17060850 47.90597153
-118.16397860 47.90663147
-118.03166960 47.91980362
-118.01619720 47.92134857
-117.89855190 47.91445160
-117.84870910 47.91149902
-117.76602170 47.90309525
-117.71181490 47.89755630
-117.63779450 47.87992478
-117.58843990 47.86815262
-117.50758360 47.86431885
-117.37445070 47.85791397
-117.24342350 47.84056091
-117.23370360 47.83926773
-117.18282320 47.76553726
-117.16837310 47.74454498
-117.15553280 47.68067932
-117.14871220 47.64665985
-117.10976410 47.60012054
-117.06427000 47.54563141
-117.03179170 47.53227615
-116.92978670 47.49021149
-116.92082980 47.48463821
-116.83280180 47.42980575
-116.83150480 47.42230988
-116.81654360 47.33533859
-116.80973820 47.29557419
-116.79869840 47.24863815
-116.77845760 47.16215515
-116.77247620 47.13650513
-116.76046750 47.07546616
-116.75476070 47.04639053
-116.75709530 46.98819351
-116.75820160 46.96069336
-116.73355870 46.90299225
-116.71224980 46.85296631
-116.68514250 46.82247543
-116.61844640 46.74723053
-116.60716250 46.73448563
-116.52767180 46.68504333
-116.50992580 46.67399216
-116.43444820 46.62383652
-116.37917330 46.58699799
-116.33771510 46.56541443
-116.23486330 46.51173401
-116.16294860 46.47406006
-116.13541410 46.45550537
-116.04362490 46.39351654
-115.98621370 46.31499481
-115.93904110 46.24977875
-115.93255620 46.23542023
-115.89479060 46.15160370
-115.91706850 46.06541443
-115.92704770 46.02895737
-115.94966890 45.98071289
-115.97425080 45.92823029
-115.99636840 45.89926910
-116.03721620 45.84572601
-116.06082920 45.82355881
-116.13637540 45.75255585
-116.14695740 45.74259567
-116.23571010 45.69766617
-116.30266570 45.66370773
-116.33970640 45.64622498
-116.43958280 45.59900284
-116.44532780 45.59644699
-116.55279540 45.54865265
-116.57341770 45.53947830
-116.65218350 45.49356460
-116.67696380 45.47911453
-116.70153050 45.46476364
-116.71830750 45.40038300
-116.72904210 45.35918427
-116.72795870 45.31359482
-116.72675320 45.26194382
-116.71974940 45.22652817
-116.70962520 45.17524719
-116.70771030 45.13999557
-116.70421600 45.07536316
-116.69398500 45.05376053
-116.66642000 44.99544525
-116.65000920 44.97202683
-116.60041810 44.90112305
-116.59169770 44.89496613
-116.50331880 44.83254242
-116.47997280 44.81602096
-116.41423800 44.77065277
-116.40365600 44.76333618
-116.32730870 44.70734787
-116.31675720 44.69959641
-116.26238250 44.63276672
-116.25266270 44.62080383
-116.23291780 44.54838181
-116.22559360 44.52142334
-116.20745090 44.46274948
-116.20304110 44.44847107
-116.19164280 44.37604141
-116.18518070 44.33479691
-116.19143680 44.28900528
-116.20104980 44.21872330
-116.20024870 44.20185471
-116.19653320 44.12363052
-116.19582370 44.11444092
-116.18908690 44.02710724
-116.18766020 44.00851822
-116.17122650 43.94067001
-116.15759280 43.88418198
-116.14183810 43.85616684
-116.09621430 43.77486801
-116.08546450 43.75565720
-116.04251860 43.69615555
-116.01039890 43.65153885
-115.98274990 43.61968231
-115.93775180 43.56772613
-115.91413120 43.54714584
-115.86840060 43.50727844
-115.83160400 43.48231506
-115.75852970 43.43263626
-115.74580380 43.41979217
-115.67501830 43.34818649
-115.66201020 43.33500671
-115.59236140 43.28355789
-115.55040740 43.25249863
-115.49792480 43.22841263
-115.41912840 43.19215393
-115.39035030 43.18891525
-115.29330440 43.17794037
-115.27250670 43.17558670
-115.17137910 43.18481827
-115.12837980 43.18872070
-115.05149080 43.20373917
-114.96308900 43.22095108
-114.93398280 43.22952652
-114.82008360 43.26300049
-114.77951810 43.27490234
-114.70895390 43.30086136
-114.61556240 43.33515930
-114.59771730 43.33803558
-114.47737880 43.35741806
-114.43752290 43.36382294
-114.35894010 43.38188171
-114.33647160 43.38704300
-114.24977870 43.42241287
-114.18177030 43.45011139
-114.13661190 43.45196152
-114.04840090 43.45555115
-114.01799770 43.44293976
-113.94628140 43.41315079
-113.90618130 43.40960312
-113.82413480 43.40231705
-113.78542330 43.41144180
-113.66808320 43.43900299
-113.62828060 43.44832611
-113.56554410 43.48566818
-113.51853180 43.51361847
-113.47518920 43.54571533
-113.45705410 43.55913544
-113.38745880 43.60795593
-113.37989810 43.61325836
-113.29582210 43.66736603
-113.20584110 43.69220734
-113.18113710 43.68387222
-113.10898590 43.65949249
-113.06713870 43.64971542
-113.03203580 43.64150620
-112.94973750 43.66163635
-112.94128420 43.66370773
-112.87317660 43.72975922
-112.86637880 43.73634720
-112.84877010 43.81544876
-112.84400180 43.83686447
-112.84726720 43.90338516
-112.84900670 43.93841171
-112.79164890 43.97281265
-112.75563810 43.99439239
-112.67949680 44.00481033
-112.58102420 44.01820755
-112.56067660 44.02782822
-112.45682530 44.07688141
-112.44835660 44.08087540
-112.36180110 44.13421249
-112.32567600 44.15644073
-112.26852420 44.19311905
-112.23454280 44.21491623
-112.17542270 44.25226211
-112.13526920 44.27759171
-112.08821870 44.31557846
-112.03585050 44.35779953
-111.99692540 44.37499619
-111.91754150 44.41001129
-111.88666530 44.41574097
-111.77423100 44.43655777
-111.76486210 44.43656540
-111.63925930 44.43663025
-111.62409210 44.43662643
-111.51397700 44.44264984
-111.46929170 44.44506836
-111.39033510 44.43302917
-111.34871670 44.42665863
-111.33583830 44.42163467
