-119.67418670 49.00146866
-119.66110230 48.97651672
-119.63920590 48.92671204
-119.63101960 48.90805817
-119.58728030 48.84656143
-119.57755280 48.83286285
-119.54814910 48.76347351
-119.53333280 48.72841644
-119.53229520 48.67775726
-119.53173070 48.64959335
-119.56079100 48.59373474
-119.58219150 48.55254745
-119.60372160 48.51114654
-119.62331390 48.47347259
-119.64128880 48.42760086
-119.66918180 48.35633469
-119.67452240 48.34325790
-119.70782470 48.26160812
-119.70838930 48.25906753
-119.72747800 48.17299271
-119.74252320 48.10234833
-119.74845120 48.07454300
-119.76971440 48.01730728
-119.79173280 47.95796585
-119.80828860 47.93438339
-119.86524200 47.85314179
-119.95366670 47.82912826
-119.98634340 47.82219315
-120.07596590 47.80312347
-120.08295440 47.77795410
-120.09729000 47.72632217
-120.10186000 47.69211197
-120.11168670 47.61868668
-120.11267850 47.60562897
-120.11866760 47.52705765
-120.12091830 47.51909638
-120.14505000 47.43375778
-120.15052800 47.41436768
-120.18190000 47.35050964
-120.18740080 47.33933640
-120.25312040 47.27783966
-120.29917140 47.23469925
-120.34403230 47.21741486
-120.45796970 47.17343140
-120.46617890 47.17026138
-120.58503720 47.15086365
-120.62393950 47.14450073
-120.68373870 47.09865189
-120.61530300 47.05774307
-120.58173370 46.98575592
-120.57702640 46.97502899
-120.54161070 46.89202881
-120.59056850 46.83595276
-120.61561580 46.82147598
-120.71434020 46.76436996
-120.73702240 46.75123596
-120.74700930 46.68494415
-120.75077820 46.65996551
-120.76766200 46.59957123
-120.77462010 46.57468414
-120.83948520 46.53103638
-120.84697720 46.52600098
-120.87826540 46.44931793
-120.89136510 46.41718674
-120.90296170 46.36456680
-120.91251370 46.32124329
-120.93090820 46.28036499
-120.96510310 46.20433044
-120.97136690 46.19858551
-121.04767610 46.12863159
-121.06700130 46.11088944
-121.12326050 46.05839157
-121.19850160 45.98804855
-121.21528630 45.97234344
-121.27565770 45.91871643
-121.35002140 45.85255814
-121.35316470 45.84962463
-121.42832950 45.77945328
-121.50088500 45.71158600
-121.50172420 45.70880890
-121.52721410 45.62431335
-121.53395840 45.60194779
-121.50021360 45.54291916
-121.49636840 45.53617096
-121.45101170 45.46355057
-121.43275450 45.43423843
-121.40403750 45.38359833
-121.38330080 45.34694672
-121.39712520 45.30099487
-121.40696720 45.26827621
-121.42253110 45.21653748
-121.43061830 45.18961334
-121.44858550 45.13217163
-121.46546940 45.07819366
-121.47956850 45.04870224
-121.50803380 44.98915100
-121.50696560 44.96562576
-121.50409700 44.90198898
-121.49578090 44.88035583
-121.46321870 44.79545212
-121.44168850 44.71254349
-121.43724820 44.69539642
-121.43508150 44.62679672
-121.43350980 44.57629395
-121.46313480 44.54701996
-121.51988220 44.49092483
-121.52677920 44.47359848
-121.55986020 44.39054871
-121.57962800 44.34088898
-121.57930760 44.30633926
-121.57855990 44.22039032
-121.57813260 44.16875458
-121.58753970 44.13502884
-121.61109920 44.05057144
-121.62686160 43.99404907
-121.63711550 43.96651077
-121.66810610 43.88322067
-121.67584990 43.86241913
-121.68965150 43.79867554
-121.70190430 43.74207687
-121.71190640 43.71421814
-121.74186710 43.63083649
-121.74468230 43.62300491
-121.75298310 43.54542541
-121.75743870 43.50397873
-121.77779390 43.46197510
-121.81723020 43.38055801
-121.82190700 43.37089920
-121.82540890 43.36367798
-121.83945470 43.28609467
-121.84639740 43.24776840
-121.85051730 43.20070267
-121.85607910 43.13748169
-121.85579680 43.11507797
-121.85569000 43.10680008
-121.85472110 43.02799606
-121.85513310 43.02108002
-121.86023710 42.93543243
-121.86337280 42.88302231
-121.87485500 42.85071564
-121.90440370 42.76747513
-121.92747500 42.70246506
-121.93183900 42.68395996
-121.95176700 42.59939575
-121.97170260 42.51485443
-121.97282410 42.51010513
-121.97107700 42.42931747
-121.97006230 42.38050461
-121.96720120 42.37748718
-121.94116970 42.34997177
-121.87643430 42.28138733
-121.87447360 42.27870560
-121.81897740 42.20278549
-121.78712460 42.15908814
-121.78775020 42.12271118
-121.78926850 42.03708649
-121.78950500 42.02376556
-121.79872130 41.95172882
-121.80118560 41.93249512
-121.75859070 41.87364197
-121.72858430 41.83209610
-121.68122860 41.81296158
-121.58934780 41.77574158
-121.58246610 41.76677323
-121.52501680 41.69171143
-121.50884250 41.67054367
-121.48870850 41.61079025
-121.47446440 41.56838989
-121.45191190 41.52965546
-121.41040800 41.45816422
-121.40639500 41.45055771
-121.36423490 41.37050629
-121.32932280 41.30395889
-121.32230380 41.29040909
-121.28082280 41.21019364
-121.27385710 41.19668579
-121.25901030 41.12626266
-121.24125670 41.04158020
-121.23278810 41.00103378
-121.23140720 40.95639038
-121.22879790 40.87073898
-121.22808840 40.84701538
-121.21623230 40.78569794
-121.20607760 40.73296738
-121.19899750 40.70099640
-121.18036650 40.61646271
-121.17639920 40.59840012
-121.12899020 40.54061890
-121.06885530 40.46709824
-121.05003360 40.44403839
-120.99449920 40.40145111
-120.94583130 40.36405182
-120.91712950 40.35319901
-120.87231450 40.33624267
-120.80530550 40.33395386
-120.72466280 40.33116150
-120.69082640 40.32047653
-120.58686070 40.28758621
-120.58432010 40.28520966
-120.51205440 40.21772766
-120.48788450 40.19509888
-120.42721560 40.15935898
-120.39961240 40.14307404
-120.32604980 40.11706162
-120.27053830 40.09739685
-120.23058320 40.06928253
-120.16354370 40.02200699
-120.15023800 40.00739289
-120.08545680 39.93599701
-120.05397800 39.85329437
-120.02463530 39.77588654
-120.02191930 39.77074432
-119.97966770 39.69072723
-119.95438380 39.64268875
-119.92004390 39.61956405
-119.84517670 39.56903076
-119.83573150 39.56062698
-119.76160430 39.49454498
-119.74320220 39.47810364
-119.73007200 39.41423035
-119.72076420 39.36879730
-119.73448180 39.33001327
-119.76204680 39.25209808
-119.76076510 39.24664688
-119.74092100 39.16196823
-119.72426610 39.09059143
-119.71984860 39.07749176
-119.69174960 38.99414444
-119.67041780 38.93059540
-119.65785220 38.91246796
-119.60507200 38.83614731
-119.58850860 38.81214523
-119.53430180 38.76942062
-119.47403720 38.72181320
-119.46380620 38.70297241
-119.42065430 38.62332916
-119.41513060 38.61312103
-119.39471440 38.53971863
-119.39098360 38.52627564
-119.29589080 38.51485443
-119.27268220 38.51206207
-119.18859100 38.48590851
-119.18379970 38.48441315
-119.14310460 38.44939804
-119.13877110 38.41390610
-119.12835690 38.32815170
-119.12383270 38.29073715
-119.14788820 38.24563599
-119.18153380 38.18250275
-119.17697140 38.16468430
-119.15538020 38.08019257
-119.13857270 38.01413727
-119.12742610 37.99737167
-119.07643890 37.92052841
-119.06317900 37.90050888
-119.02377320 37.84434509
-118.99179840 37.79867554
-118.96703340 37.76998520
-118.90738680 37.70074081
-118.90371700 37.69902420
-118.85157780 37.67465973
-118.80134580 37.66439438
-118.74526980 37.65290832
-118.70485690 37.62439728
-118.64222720 37.58013153
-118.62900540 37.56167603
-118.57490540 37.48606110
-118.56338500 37.46992111
-118.51129910 37.41506195
-118.47271730 37.37433243
-118.44801330 37.34383011
-118.38877870 37.27053833
-118.32931520 37.19671631
-118.28466800 37.11818695
-118.25701900 37.06942368
-118.24658200 37.03735352
-118.21942140 36.95364761
-118.21739960 36.94741058
-118.20748140 36.86790848
-118.19882970 36.79816055
-118.19226070 36.78274536
-118.15740970 36.70079422
-118.14841460 36.67959976
-118.13284300 36.61676407
-118.11192320 36.53200912
-118.10856630 36.51836395
-118.07919310 36.44964981
-118.05420680 36.39104080
-118.04389190 36.36784363
-118.00767520 36.28627777
-117.97135930 36.20419693
-117.94804380 36.12034988
-117.92682650 36.04376984
-117.92269130 36.03649139
-117.87793730 35.95757675
-117.87565610 35.95354843
-117.87187190 35.87165833
-117.86913300 35.81181336
-117.88130950 35.78708267
-117.91970830 35.70909882
-117.92145540 35.70656586
-117.97383880 35.63044739
-117.99180600 35.60433197
-118.02651980 35.55450058
-118.06116490 35.50474549
-118.05686950 35.47526169
-118.04737850 35.40987778
-118.04196170 35.38990021
-118.01911930 35.30557251
-118.01611330 35.29447556
-118.05123900 35.22474289
-118.07217410 35.18313217
-118.10793300 35.15245056
-118.15176390 35.11481857
-118.17623900 35.09962082
-118.26238250 35.04610062
-118.27669530 35.03720474
-118.35271450 34.99718857
-118.40427400 34.97002411
-118.44316860 34.94844437
-118.53271480 34.89872742
-118.54297640 34.89302444
-118.60113530 34.83197784
-118.61426540 34.81818390
-118.67182920 34.76626968
-118.67910000 34.77103424
-118.77354430 34.79611587
-118.80384830 34.80414581
-118.85337830 34.85066223
-118.87126920 34.86744309
-118.88301850 34.93073654
-118.88729860 34.95375061
-118.89459990 34.96332550
-118.85597990 34.96804428
-118.80699160 34.97401428
-118.75357060 34.99553299
-118.70447540 35.01529694
-118.66718290 35.04654694
-118.65739440 35.05474472
-118.67120360 35.11180878
-118.68072510 35.12670517
-118.72437290 35.19488525
-118.72729490 35.20422363
-118.74296570 35.25424194
-118.73139950 35.28753281
-118.71518710 35.33420181
-118.70608520 35.37124252
-118.69548030 35.41435242
-118.71337130 35.45408630
-118.72228240 35.47386169
-118.79078670 35.51071167
-118.81012730 35.52110291
-118.88086700 35.56006241
-118.92004390 35.58160400
-118.95370480 35.62236023
-118.97872920 35.65262604
-118.99969480 35.69973373
-119.01879880 35.74258804
-119.01599120 35.78308106
-119.01177980 35.84405518
-118.99922180 35.86700439
-118.96811680 35.92386627
-118.95777890 35.94681168
-118.92744450 36.01413345
-118.92495730 36.02876663
-118.91045380 36.11407852
-118.90574650 36.14179993
-118.92037200 36.19872665
-118.93544770 36.25722122
-118.94847870 36.28151321
-118.99113460 36.36085510
-118.99850460 36.37453461
-119.04575350 36.43553543
-119.10101320 36.50666809
-119.10327910 36.50905228
-119.16895290 36.57841873
-119.22669980 36.63921356
-119.23404690 36.64809799
-119.29399870 36.72049332
-119.32043460 36.75234985
-119.36036680 36.78932571
-119.43180850 36.85531998
-119.45502470 36.87672806
-119.51239780 36.91446686
-119.59745030 36.97026444
-119.62292480 36.98693848
-119.67870330 37.02924347
-119.75265500 37.08518601
-119.75841520 37.08954239
-119.83815770 37.14983368
-119.87747960 37.17948914
-119.90885930 37.21578980
-119.97080230 37.28725433
-120.01191710 37.33456802
-120.03369140 37.35823059
-120.09832000 37.42833710
-120.13014220 37.46277237
-120.15281680 37.50274658
-120.19752500 37.58133316
-120.20337680 37.59160614
-120.25911710 37.65283585
-120.30445860 37.70251083
-120.33058170 37.71811676
-120.41944890 37.77108383
-120.43975830 37.78316879
-120.51673130 37.81448746
-120.60187530 37.84903336
-120.61586760 37.85589218
-120.71097560 37.90244293
-120.73482510 37.91410065
-120.79886630 37.95619202
-120.86179350 37.99744034
-120.87032320 38.01911545
-120.90262600 38.10099030
-120.91120150 38.12266540
-120.92566680 38.18453217
-120.93754580 38.23518753
-120.94744110 38.26836395
-120.97237400 38.35171509
-120.98856350 38.40565872
-120.99700930 38.43511582
-121.02101900 38.51863098
-121.02657320 38.53789902
-121.05818180 38.59919739
-121.09938810 38.67885589
-121.11418150 38.70738220
-121.13043980 38.76083374
-121.15119930 38.82884979
-121.15447240 38.84432602
-121.17237850 38.92870331
-121.18195340 38.97361374
-121.18624120 39.01346207
-121.19559480 39.09984970
-121.21358490 39.18302536
-121.23022460 39.25964737
-121.23309330 39.26718521
-121.26442720 39.34939194
-121.28486630 39.40283585
-121.30793760 39.42737579
-121.37416080 39.49737930
-121.45340730 39.55965805
-121.47662350 39.57786941
-121.52449800 39.62689591
-121.55352780 39.65657043
-121.58095550 39.70097351
-121.59077450 39.71683121
-121.60883330 39.74599075
-121.65682980 39.78596878
-121.68463900 39.80909347
-121.74904630 39.83635330
-121.76462560 39.84293747
-121.81663510 39.90414429
-121.82378390 39.91255951
-121.85643010 39.98402405
-121.89356990 40.06484604
-121.93595120 40.14427567
-121.94892120 40.16854477
-121.98367310 40.22203827
-122.03383640 40.29903793
-122.03649140 40.30310440
-121.99664310 40.35723877
-121.99501800 40.37680435
-121.99133300 40.42146301
-122.00762940 40.46028900
-122.02787780 40.50844192
-122.04347230 40.54146957
-122.08164220 40.62211227
-122.04325870 40.67411041
-122.02255250 40.69614410
-121.95990750 40.76276398
-121.95664980 40.76728439
-121.90745540 40.83542633
-121.90800480 40.84418488
-121.91336060 40.92952347
-121.91362760 40.93368149
-121.91191100 41.01497650
-121.91068270 41.07500076
-121.91246030 41.10040665
-121.91583250 41.14823532
-121.94529720 41.17919159
-121.97351070 41.20879745
-122.02880860 41.23830414
-122.09239200 41.27214813
-122.13014980 41.28128815
-122.21064760 41.30072022
-122.24098210 41.31206894
-122.32096100 41.34194565
-122.32827760 41.36198807
-122.35848240 41.44445801
-122.37146760 41.47981644
-122.38107300 41.52806473
-122.39599610 41.60273743
-122.39895630 41.61238480
-122.42461400 41.69567871
-122.43305970 41.72298813
-122.45235440 41.77863312
-122.46425630 41.81285477
-122.49039460 41.85927200
-122.53507230 41.93839264
-122.55509950 41.97376251
-122.55867000 42.02086639
-122.56436920 42.09537506
-122.56788640 42.10578537
-122.58839420 42.16641617
-122.58934780 42.16922760
-122.60836790 42.18409348
-122.68140410 42.24109268
-122.69046020 42.24644852
-122.78308110 42.30115891
-122.81850430 42.32203674
-122.83672330 42.37310410
-122.84844210 42.40587235
-122.85337830 42.45721817
-122.85862730 42.51154709
-122.84323880 42.54050446
-122.82134250 42.58168793
-122.80147550 42.62082672
-122.77507020 42.67285919
-122.76441960 42.70220566
-122.74936680 42.74364853
-122.73823550 42.78564835
-122.72031400 42.85332108
-122.72577670 42.86951065
-122.75386810 42.95253754
-122.76387020 42.98201752
-122.79198460 43.03340912
-122.82683560 43.09690857
-122.83564760 43.11307144
-122.87920380 43.19277573
-122.93377690 43.26729965
-122.94934080 43.29723740
-122.98947910 43.37427902
-122.99066160 43.37751770
-123.02092740 43.46019363
-123.04452510 43.52440262
-123.04564670 43.54344177
-123.05072780 43.62874985
-123.05172730 43.64545822
-123.05596920 43.71406174
-123.06129460 43.79937744
-123.06179810 43.80735397
-123.02843480 43.88145828
-123.00910190 43.92437363
-123.01117710 43.96493912
-123.01396180 44.01877213
-122.96648410 44.05023956
-122.91541290 44.08406448
-122.92316440 44.12062836
-122.92898560 44.14806366
-122.96099850 44.20139694
-122.97209170 44.21985626
-122.98066710 44.28507996
-122.98209380 44.29584885
-122.93262480 44.34043884
-122.91166690 44.35292435
-122.86835480 44.37871933
-122.87864690 44.42459106
-122.88542940 44.45478821
-122.83542630 44.49815750
-122.81354520 44.51712799
-122.73555760 44.54798126
-122.72030640 44.61453628
-122.72393800 44.63267899
-122.73595430 44.69260407
-122.70351410 44.70483017
-122.65364070 44.72362137
-122.70112610 44.75770950
-122.72177120 44.77251053
-122.76852420 44.82876968
-122.73195650 44.88861847
-122.71314240 44.90539932
-122.66027830 44.95251465
-122.64620210 44.97749710
-122.60094450 45.05773544
-122.59324650 45.07137680
-122.53440860 45.13063812
-122.52404790 45.14107132
-122.48786160 45.21025467
-122.46913910 45.24604035
-122.44061280 45.29002762
-122.38945770 45.36881256
-122.38788600 45.37123871
-122.33895870 45.44783020
-122.31526180 45.48490906
-122.32100680 45.53032303
-122.33123780 45.61584091
-122.30442810 45.69991684
-122.28662110 45.75576019
-122.29943080 45.78329468
-122.33765410 45.86520386
-122.35185240 45.89554596
-122.37397000 45.94752121
-122.40922550 46.03005600
-122.41951750 46.05408478
-122.40895080 46.11461639
-122.40232090 46.15263367
-122.41072080 46.19996262
-122.42295070 46.26861191
-122.42173770 46.28536987
-122.41615300 46.36333847
-122.41971590 46.37087250
-122.45854190 46.45278931
-122.46723170 46.47107697
-122.50214390 46.53363037
-122.51361080 46.55413437
-122.57606510 46.60303497
-122.60659790 46.62688828
-122.65187070 46.67258835
-122.69689180 46.71790314
-122.68794250 46.74905396
-122.67910000 46.77980804
-122.60336300 46.80282211
-122.58090210 46.80963898
-122.47576900 46.79958725
-122.43336490 46.79550934
-122.34738920 46.80842972
-122.24789430 46.82331467
-122.22143550 46.83133698
-122.10215000 46.86743164
-122.09601590 46.86928558
-122.06127170 46.94783783
-122.05425260 46.96369553
-122.01585390 47.02875519
-122.00738530 47.04309845
-121.92220310 47.08700943
-121.90512080 47.09580994
-121.82739260 47.13348389
-121.82370000 47.14200973
-121.79741670 47.20276260
-121.80334470 47.22559357
-121.81647490 47.27601242
-121.79622650 47.30855179
-121.78752900 47.32252884
-121.77709960 47.37635422
-121.79510500 47.38857269
-121.86740110 47.43756103
-121.88128660 47.45330429
-121.93683620 47.51612854
-121.91959380 47.52396011
-121.87596890 47.54377747
-121.80072020 47.56108093
-121.77642820 47.56666184
-121.76864620 47.56845474
-121.70075230 47.60719299
-121.71141050 47.62845993
-121.75262450 47.71041870
-121.75933070 47.72372818
-121.72911830 47.79342270
-121.72230530 47.80913925
-121.66963200 47.87049103
-121.65439610 47.88822937
-121.67434690 47.95302200
-121.68568420 47.98974228
-121.71749120 48.03404617
-121.74606320 48.07374573
-121.78970340 48.10558319
-121.82654570 48.13241577
-121.87458800 48.17221832
-121.91022490 48.20168686
-121.95702360 48.24021530
-122.03976440 48.30809784
-122.04268650 48.31049728
-122.10739900 48.38254929
-122.12784580 48.40525436
-122.08403780 48.45851517
-122.05330660 48.49586105
-122.05741880 48.53999329
-122.06101230 48.57833862
-122.12128450 48.60684204
-122.19721220 48.64265823
-122.21466830 48.66616440
-122.26042940 48.72764587
-122.25598910 48.74562073
-122.23489380 48.83094788
-122.23207090 48.84238052
-122.18795780 48.91185761
-122.16516880 48.94770050
-122.15095520 48.99466705
-122.14881900 49.00172806
-120.85696410 48.99795532
-119.67418670 49.00146866
