-106.96859740 43.34316635
-107.05558780 43.29853821
-107.13903810 43.28158569
-107.17393490 43.28284073
-107.24141690 43.28525925
-107.29524230 43.29547501
-107.35575870 43.30694199
-107.40319060 43.33433914
-107.44184110 43.35664749
-107.51255040 43.37218857
-107.55476380 43.38145447
-107.63378140 43.38612747
-107.66008000 43.38768387
-107.75654600 43.38014603
-107.76287080 43.37965393
-107.85854340 43.36902618
-107.87873840 43.36811066
-107.98612980 43.36324692
-108.00189970 43.36309052
-108.12525940 43.36186218
-108.15217590 43.36157990
-108.24629970 43.37675857
-108.29402160 43.38442993
-108.36850740 43.38612747
-108.49185940 43.38883209
-108.53035740 43.38964844
-108.61168670 43.40723801
-108.67642210 43.42120361
-108.72579190 43.44009781
-108.79179380 43.46531296
-108.83403020 43.48295975
-108.89611820 43.50886154
-108.93621060 43.53253555
-108.99969480 43.56996536
-109.03527070 43.58552170
-109.11469270 43.62018967
-109.13936620 43.63354492
-109.23837280 43.68704605
-109.26541900 43.70163345
-109.33915710 43.73367691
-109.34278870 43.73483276
-109.45616910 43.77104569
-109.49989320 43.78496551
-109.57581330 43.79080582
-109.64562990 43.79613876
-109.69955440 43.79362869
-109.74546050 43.79147339
-109.81379700 43.76420212
-109.87327580 43.74042893
-109.87805940 43.70046616
-109.88121800 43.67401123
-109.82577510 43.62607956
-109.82068630 43.62168503
-109.71857450 43.58242035
-109.71112820 43.57955551
-109.61811070 43.53066254
-109.59307860 43.51748276
-109.52299500 43.49160767
-109.51239780 43.48524857
-109.42622380 43.43343353
-109.41852570 43.42757034
-109.33380130 43.36293411
-109.31797790 43.35084152
-109.23921200 43.30615616
-109.23506160 43.30380249
-109.15810390 43.23933792
-109.13355260 43.21873093
-109.08023070 43.17051315
-109.03079990 43.12570953
-109.01038360 43.09777069
-108.97012330 43.04259109
-108.95021060 43.02032852
-108.91918180 42.98559570
-108.87622830 42.94966888
-108.84273530 42.92162323
-108.79296110 42.88449478
-108.74492650 42.84860230
-108.70095830 42.82647705
-108.64996340 42.80076981
-108.59963990 42.77672195
-108.49760440 42.72780228
-108.49291990 42.72555924
-108.42124940 42.69437027
-108.40003970 42.67594528
-108.32169340 42.60771561
-108.31414790 42.60114288
-108.28425600 42.52368164
-108.27674870 42.50418472
-108.30824280 42.43933106
-108.31015010 42.43540573
-108.37110140 42.38626862
-108.39170840 42.37559509
-108.45882420 42.34081268
-108.49803920 42.34098434
-108.56585690 42.34127045
-108.61785130 42.35059738
-108.69689180 42.36474228
-108.73214720 42.37861633
-108.82909390 42.41668701
-108.83720400 42.42259216
-108.90023800 42.46843719
-108.92246250 42.48596954
-109.00526430 42.55113602
-109.01131440 42.55589294
-109.08454130 42.61863708
-109.08770750 42.62134933
-109.16973110 42.68222427
-109.22155000 42.72058105
-109.25704190 42.74429703
-109.28753660 42.76464462
-109.35472870 42.79727173
-109.41690830 42.82740021
-109.45475010 42.84830856
-109.50634770 42.87678146
-109.55099490 42.90314865
-109.64606480 42.95914841
-109.65716550 42.96567535
-109.74324040 43.01326752
-109.78719330 43.03751373
-109.84536740 43.06219101
-109.87961580 43.07669449
-109.95691680 43.09872436
-109.98812100 43.10759735
-110.06750490 43.13716125
-110.09660340 43.14798355
-110.16764830 43.18808365
-110.23078160 43.22363663
-110.26448820 43.24280548
-110.31719210 43.27274322
-110.35504910 43.30248642
-110.37919620 43.32143784
-110.46097560 43.29894256
-110.49028780 43.29087067
-110.52390290 43.22932053
-110.53594970 43.20722961
-110.52608490 43.14266205
-110.52182010 43.11465835
-110.48537450 43.06017303
-110.44861600 43.00508118
-110.43746950 42.97877884
-110.40158840 42.89398193
-110.36690520 42.81501770
-110.36612700 42.80921555
-110.35437770 42.72091675
-110.34976200 42.68607712
-110.35168460 42.63238144
-110.35350040 42.58187485
-110.34992980 42.54377747
-110.34199520 42.45526886
-110.34873200 42.36668396
-110.35214230 42.32183838
-110.35254670 42.27804947
-110.35295100 42.23395920
-110.36112980 42.18974304
-110.37738800 42.10183716
-110.38431550 42.06435013
-110.39707180 42.01434708
-110.41158290 41.95746613
-110.41212460 41.92665482
-110.41323850 41.86313248
-110.40516660 41.83869171
-110.37676240 41.75249481
-110.39093780 41.67586899
-110.39408110 41.66478729
-110.41873930 41.57798004
-110.41951750 41.57524109
-110.43109130 41.48979187
-110.43729400 41.44398117
-110.46620180 41.40711212
-110.50193790 41.36149216
-110.52470400 41.32978058
-110.55691530 41.28488541
-110.57685850 41.25010300
-110.60884860 41.19428635
-110.62447360 41.16881943
-110.65523530 41.11866760
-110.66194150 41.08553314
-110.67836000 41.00432968
-110.67572780 40.99813843
-110.64868930 40.93450165
-110.61943820 40.93415833
-110.54991150 40.93333054
-110.50396730 40.94651794
-110.47511290 40.95479965
-110.40058900 40.97779083
-110.39382170 40.97977448
-110.28315730 41.01216888
-110.25702670 41.01981354
-110.17066190 41.04088593
-110.09109500 41.05782700
-110.05599210 41.05118179
-109.99080660 41.03881836
-109.94216920 41.02586746
-109.89804840 41.01410675
-109.82899480 40.99889374
-109.80178070 40.99288940
-109.71219640 40.98353195
-109.69033050 40.98123932
-109.59394070 40.98747253
-109.54659270 40.99051666
-109.47626500 40.99942780
-109.46093750 41.00136948
-109.35768130 41.00403214
-109.26501460 41.00634003
-109.23900600 41.00843048
-109.13854220 41.01648712
-109.12071990 41.01576614
-109.02861790 41.01201630
-109.00215150 41.00975418
-108.95257570 41.00553131
-108.89274600 40.97989273
-108.85054020 40.96177673
-108.78615570 40.93644333
-108.74373630 40.87852096
-108.73196410 40.85955811
-108.70182800 40.81095886
-108.71844480 40.77786255
-108.73641970 40.74203873
-108.77523800 40.70057297
-108.77933500 40.69619751
-108.78431700 40.65261078
-108.73484800 40.63833618
-108.69021610 40.62545013
-108.62054440 40.61797333
-108.60575870 40.61639023
-108.52322390 40.58154297
-108.52113340 40.57527542
-108.49243160 40.48893738
-108.48779300 40.47496033
-108.52152250 40.41258240
-108.51248170 40.41022110
-108.60421750 40.36444855
-108.60914610 40.35979843
-108.64966580 40.32161713
-108.70090480 40.31154251
-108.78256230 40.29544449
-108.81544490 40.29168320
-108.90899660 40.28095245
-108.93178560 40.28317642
-109.01231380 40.29104233
-109.04724880 40.29875183
-109.07622530 40.30514526
-109.14779660 40.32639694
-109.15330510 40.33318329
-109.18601230 40.37342453
-109.14324950 40.39978790
-109.11743160 40.41569519
-109.08292390 40.45916366
-109.09516140 40.46846390
-109.14942170 40.50963592
-109.19035340 40.51036072
-109.27935030 40.51191330
-109.30804440 40.50887299
-109.36681370 40.50262451
-109.42467500 40.49550247
-109.46435550 40.49060440
-109.53790280 40.47158813
-109.55950160 40.46599197
-109.65386960 40.45728302
-109.65755460 40.45694351
-109.77032470 40.47045135
-109.79664610 40.47358704
-109.85140230 40.49304962
-109.87397000 40.50871277
-109.91282650 40.53566361
-109.97796630 40.53638458
-110.04282380 40.53708267
-110.09521480 40.53024292
-110.13196560 40.52542877
-110.20720670 40.50345230
-110.27462010 40.48371506
-110.31922150 40.47645569
-110.40634920 40.46223068
-110.43370820 40.45554733
-110.50558470 40.43798828
-110.53831480 40.41780472
-110.55654140 40.40657043
-110.64780430 40.38886642
-110.72200010 40.37442398
-110.75842290 40.36002350
-110.80247500 40.34260178
-110.87043000 40.34285355
-110.91935730 40.34301376
-110.98274990 40.36301422
-111.00354000 40.36956406
-111.09178920 40.37485504
-111.09658050 40.37136459
-111.14700320 40.33470535
-111.14886470 40.29894638
-111.15118410 40.25455856
-111.12563320 40.21493530
-111.09120940 40.16148376
-111.07680510 40.13454437
-111.05282590 40.08966827
-111.04290010 40.05028152
-111.04035950 40.04020309
-111.04570010 39.99496841
-111.05037690 39.99187088
-111.09581760 39.96185684
-111.15229800 39.96590042
-111.22698210 39.94276428
-111.24526210 39.91915131
-111.28004460 39.87420273
-111.30765530 39.84439468
-111.33326720 39.81674194
-111.38466640 39.77831268
-111.39694980 39.76913071
-111.46735380 39.72382736
-111.47437290 39.72295380
-111.53711700 39.71518707
-111.57366940 39.74430847
-111.58032230 39.74960709
-111.59671020 39.76287842
-111.54750060 39.83531189
-111.53839110 39.84872055
-111.50511170 39.91971588
-111.48928070 40.00531769
-111.48070530 40.05168915
-111.48958590 40.09272766
-111.49614720 40.12302017
-111.52067570 40.17767334
-111.55374910 40.25118256
-111.55939480 40.26107025
-111.60581970 40.34225464
-111.61238100 40.35371780
-111.65134430 40.42372894
-111.67952730 40.47425842
-111.68956760 40.50698090
-111.71606450 40.59307861
-111.72623440 40.62602234
-111.73831940 40.67980957
-111.74816890 40.72358704
-111.75139620 40.76747894
-111.75792690 40.85572052
-111.75959780 40.87824631
-111.77998350 40.94225693
-111.80745700 41.02820969
-111.81973270 41.06653595
-111.82405090 41.11538696
-111.83188630 41.20360184
-111.86940770 41.28739548
-111.88997650 41.33320999
-111.90124510 41.37238693
-111.92617040 41.45878983
-111.93562320 41.49147415
-111.94741060 41.54569626
-111.96229550 41.61396027
-111.95478060 41.63234329
-111.92926030 41.69473267
-111.90742490 41.71153259
-111.88694000 41.72728729
-111.79886630 41.71188736
-111.75546260 41.70428085
-111.72409060 41.75610733
-111.69345090 41.82059479
-111.69568630 41.83951187
-111.70461270 41.91484833
-111.70559690 41.92761612
-111.71240230 42.01587677
-111.71313480 42.02539444
-111.70755010 42.10418701
-111.70606230 42.12517547
-111.71474460 42.19227600
-111.72192380 42.24757767
-111.72573850 42.28033447
-111.73457340 42.35602188
-111.72709660 42.36722946
-111.67626190 42.44323349
-111.67303470 42.44639206
-111.60048680 42.51744461
-111.56201170 42.55506134
-111.52424620 42.58638000
-111.46437840 42.63597870
-111.44474030 42.65349960
-111.39147950 42.70097733
-111.37491610 42.72552109
-111.35383610 42.75674820
-111.36750030 42.80959701
-111.37904360 42.85416412
-111.40626530 42.89255524
-111.44564060 42.94799423
-111.46366880 42.97068024
-111.50912480 43.02780533
-111.52399440 43.04768753
-111.56810760 43.10655975
-111.58233640 43.12550736
-111.64085390 43.20329285
-111.64703370 43.21149063
-111.69385530 43.28308868
-111.71839140 43.32054138
-111.72858430 43.36703110
-111.66576390 43.41510391
-111.59373470 43.48694229
-111.58316800 43.49747467
-111.52165220 43.55891419
-111.48422240 43.59625244
-111.45230870 43.63225937
-111.41567230 43.67356110
-111.38687130 43.70750809
-111.33370210 43.77009582
-111.32292940 43.78344727
-111.26091000 43.86024475
-111.25766750 43.86425018
-111.22824860 43.94557953
-111.20377350 44.01315689
-111.19564820 44.03107452
-111.16998290 44.08764648
-111.16609950 44.11670303
-111.15476230 44.20140839
-111.15550990 44.20489883
-111.17078400 44.27615356
-111.18163300 44.29077530
-111.23989110 44.36919403
-111.25561520 44.39030838
-111.33583830 44.42163467
-111.31687160 44.46088028
-111.31350710 44.46782684
-111.25321200 44.50892258
-111.23442840 44.52671432
-111.18130490 44.57699204
-111.16117100 44.59877777
-111.11117550 44.65280151
-111.08795170 44.67067337
-111.03446200 44.71180344
-110.99462130 44.72922516
-110.90245060 44.76947785
-110.88761140 44.77636337
-110.79978940 44.81708145
-110.78462980 44.82746124
-110.74880980 44.85199356
-110.71275330 44.89928818
-110.68974300 44.92944336
-110.67133330 44.97642136
-110.67356870 44.98203278
-110.70056920 45.04970551
-110.71508030 45.06510544
-110.76562500 45.11867523
-110.77648930 45.14200211
-110.80941010 45.21258163
-110.80998990 45.22703934
-110.81164550 45.26830292
-110.77418520 45.30794525
-110.73481750 45.34954071
-110.69407650 45.37628555
-110.68116000 45.38476563
-110.62897490 45.42619324
-110.61705020 45.44588852
-110.58617400 45.49687958
-110.58570100 45.53033829
-110.58529660 45.55938339
-110.56880190 45.61794663
-110.52036290 45.67269516
-110.49405670 45.68925094
-110.43586730 45.72584915
-110.38709260 45.73284531
-110.31468960 45.74320602
-110.26152040 45.75170898
-110.20510860 45.76070404
-110.13736720 45.77462387
-110.13851170 45.74436188
-110.13147740 45.73968506
-110.04208370 45.68018723
-110.03839110 45.67863083
-109.95209500 45.64239884
-109.92862700 45.63268661
-109.83678440 45.59460068
-109.81668090 45.59006119
-109.69490050 45.56248856
-109.67577360 45.55815125
-109.58598330 45.51661682
-109.53899380 45.49483109
-109.47290040 45.47602844
-109.38870240 45.45200729
-109.35263060 45.44686127
-109.22747040 45.42890549
-109.10284420 45.40935135
-109.04087830 45.39957810
-108.97744750 45.39278031
-108.89012150 45.38336563
-108.85095210 45.38095856
-108.76427460 45.37559128
-108.72461700 45.36937332
-108.60012820 45.34979248
-108.50527190 45.33476258
-108.47499850 45.33576965
-108.34754940 45.33993149
-108.33871460 45.34022141
-108.25518800 45.32448196
-108.22653200 45.31423569
-108.14647670 45.28556061
-108.11472320 45.27160263
-108.00694270 45.22411346
-107.97087860 45.20817566
-107.89646150 45.17995834
-107.78470610 45.13742066
-107.71406560 45.10939026
-107.67776490 45.08965683
-107.57744600 45.03499222
-107.53108980 45.00966263
-107.48245240 44.97611237
-107.40845490 44.92494583
-107.39381410 44.91246033
-107.31326290 44.84363937
-107.30352020 44.83530426
-107.21632390 44.78670883
-107.18246460 44.76779556
-107.12023160 44.72883987
-107.05505370 44.68793869
-107.03436280 44.66449737
-106.96764370 44.58876801
-106.90870670 44.52163315
-106.90169530 44.51271820
-106.85106660 44.44826126
-106.84528350 44.43333053
-106.81199650 44.34721374
-106.78713230 44.28266907
-106.77700040 44.26147842
-106.73665620 44.17692948
-106.72847750 44.15975571
-106.72934720 44.08857345
-106.73045350 43.99924088
-106.73113250 43.94528198
-106.72422790 43.91026306
-106.70682530 43.82181168
-106.70451360 43.81005097
-106.71404270 43.73289490
-106.71987920 43.68564987
-106.73297120 43.64482117
-106.76084140 43.55777359
-106.76410670 43.54759598
-106.81111910 43.47639847
-106.84236910 43.42898560
-106.87619780 43.40148926
-106.91275020 43.37175751
-106.96859740 43.34316635
