-103.00201420 49.00394821
-102.98987580 48.99284363
-102.95073700 48.95696640
-102.90176390 48.92470932
-102.80554960 48.86112595
-102.75525670 48.82779693
-102.71194460 48.79599381
-102.64117430 48.74390411
-102.61806490 48.73130417
-102.51341250 48.67409134
-102.43975830 48.63368988
-102.41214750 48.61453629
-102.31867980 48.54953766
-102.28033450 48.52280426
-102.22989650 48.48186493
-102.14446260 48.41230011
-102.14067080 48.40921402
-102.06120300 48.34163666
-101.98541260 48.27695465
-101.97529600 48.27315902
-101.86316680 48.23104096
-101.85729220 48.23039627
-101.72448730 48.21587753
-101.68351750 48.21136475
-101.59649660 48.18944168
-101.47077180 48.15762711
-101.46492000 48.15614700
-101.34226230 48.13140869
-101.31847380 48.12659836
-101.22013850 48.09446335
-101.11660770 48.06051254
-101.10025020 48.05415726
-100.98429870 48.00905228
-100.97344970 48.00482559
-100.87860870 47.95397949
-100.79422760 47.90859604
-100.77331540 47.89857101
-100.66457370 47.84632111
-100.59178920 47.81122971
-100.55744930 47.79270554
-100.45340730 47.73646545
-100.38198090 47.69773483
-100.34733580 47.68220902
-100.23652650 47.63240051
-100.15481570 47.59554291
-100.12508390 47.58337784
-100.01147460 47.53676605
-99.89807129 47.49002838
-99.83711242 47.46482849
-99.78546143 47.44253540
-99.70408631 47.40732574
-99.67596436 47.39207840
-99.57260132 47.33590698
-99.56577301 47.33219528
-99.46721649 47.28158951
-99.41360474 47.25399399
-99.35863495 47.23053360
-99.27445984 47.19452286
-99.24734497 47.18220902
-99.13767243 47.13227463
-99.04220581 47.08864212
-99.02963257 47.08098221
-98.93145752 47.02108765
-98.87667847 46.98758316
-98.85939789 46.94972229
-98.83110047 46.88759995
-98.82357788 46.86327744
-98.79642487 46.77529526
-98.79180908 46.76032639
-98.78525543 46.68582535
-98.77738952 46.59604645
-98.77695465 46.59106445
-98.78007507 46.50613785
-98.78336334 46.41622925
-98.78434754 46.38948441
-98.79515839 46.32673645
-98.81051636 46.23742676
-98.82128906 46.17462921
-98.82736969 46.14826203
-98.84782410 46.05945206
-98.86822510 45.97063828
-98.88766480 45.88570786
-98.88932800 45.88194656
-98.92721558 45.79598999
-98.96499634 45.71001053
-98.98545837 45.66335297
-98.99131012 45.62241745
-99.00409698 45.53292084
-99.01474762 45.45813370
-99.01757812 45.44347763
-99.03475952 45.35435104
-99.04165649 45.31851196
-99.04347992 45.26474381
-99.04652405 45.17481613
-99.04718781 45.15529633
-99.05125427 45.08493042
-99.05644226 44.99504852
-99.05699158 44.98558426
-99.05000305 44.90525818
-99.04222870 44.81547546
-99.03448486 44.72568130
-99.03417206 44.72212219
-99.01770019 44.63604736
-99.00725555 44.54688263
-99.00499725 44.52751923
-98.98983765 44.45782471
-98.97056580 44.36892700
-98.96523285 44.34428024
-98.95053101 44.28011322
-98.93133545 44.19611740
-98.92889404 44.19160462
-98.88351441 44.10777664
-98.87215423 44.08675003
-98.83131408 44.02611160
-98.77693939 43.94514847
-98.74882507 43.90319824
-98.72737122 43.86269760
-98.69258118 43.79688644
-98.68289947 43.77867126
-98.63831330 43.69468689
-98.63190460 43.68260574
-98.59865570 43.60944367
-98.58498383 43.57930756
-98.55092621 43.52657699
-98.50009155 43.44768906
-98.49813080 43.44521332
-98.43626404 43.36733627
-98.38449860 43.30199814
-98.37342835 43.28993988
-98.30492401 43.21514892
-98.27437591 43.18173218
-98.23484802 43.14119720
-98.18492889 43.08992386
-98.16811371 43.06587982
-98.11219788 42.98576737
-98.09733581 42.96443939
-98.05248260 42.90719986
-98.02584839 42.87315369
-98.02147675 42.86756897
-97.97106934 42.79268646
-97.94268799 42.74704361
-97.89189911 42.66519165
-97.88320923 42.65117264
-97.82769012 42.58884811
-97.78842926 42.54469299
-97.77021789 42.51004791
-97.76301575 42.49633026
-97.74404144 42.46019745
-97.70948792 42.41580200
-97.67594910 42.37263870
-97.65671539 42.33503723
-97.61374664 42.25085831
-97.60101318 42.22587204
-97.56642151 42.16802216
-97.52003479 42.09027481
-97.51716614 42.08579636
-97.46516419 42.00453949
-97.41329193 41.92325973
-97.38957977 41.88601684
-97.37520599 41.83842087
-97.35678864 41.77732086
-97.34774780 41.75077820
-97.31981659 41.66862106
-97.31764221 41.66362381
-97.28052521 41.57800293
-97.24902344 41.49113464
-97.21778870 41.40421677
-97.19358826 41.31604004
-97.17323303 41.24170685
-97.16898346 41.22793579
-97.14191437 41.14025116
-97.14113617 41.13772964
-97.11186218 41.05311584
-97.08364105 40.97134781
-97.08312988 40.96582794
-97.07479858 40.87599945
-97.07295990 40.85612869
-97.08160400 40.78630448
-97.08762360 40.73767090
-97.08975983 40.69649887
-97.09442902 40.60652161
-97.09790802 40.53919220
-97.09010315 40.51731873
-97.08025360 40.48973847
-97.04929352 40.40284348
-97.04315186 40.38558960
-97.01833343 40.31595230
-96.99699402 40.25595856
-97.00280762 40.22843552
-97.01794434 40.15670776
-97.02298737 40.13973999
-97.04905701 40.05194092
-97.06592560 39.99500656
-97.07518005 39.96414566
-97.10144806 39.87638092
-97.10332489 39.87010956
-97.15611267 39.79705429
-97.17392731 39.77235794
-97.17590332 39.74233627
-97.18183136 39.65238571
-97.18394470 39.62026978
-97.16704559 39.56384659
-97.16094971 39.54346466
-97.16556549 39.47440720
-97.16896820 39.42338562
-97.16059875 39.38494492
-97.14130402 39.29612732
-97.13349915 39.26014328
-97.17957306 39.22038651
-97.22734070 39.13834000
-97.23016357 39.13349915
-97.28733063 39.06139374
-97.34795380 38.98473358
-97.35718536 38.97304916
-97.41009521 38.90884018
-97.45108795 38.85902023
-97.47195435 38.83285141
-97.53044891 38.75939942
-97.53317261 38.75658035
-97.58332825 38.70470429
-97.60060120 38.68367386
-97.64009857 38.63554764
-97.66516876 38.60924148
-97.69684601 38.57596970
-97.72004700 38.53096771
-97.74898529 38.47476196
-97.75125885 38.44536209
-97.75820160 38.35544586
-97.76160431 38.31136322
-97.78079224 38.26800537
-97.79145813 38.24390793
-97.86307526 38.21265412
-97.92308044 38.18686295
-97.95587921 38.16160202
-97.97142029 38.14963913
-98.01345825 38.10123825
-98.01410675 38.08699799
-98.01658630 38.03235626
-97.98792267 38.00516892
-97.91798401 37.93872452
-97.91498566 37.93600845
-97.88110352 37.90539169
-97.84667969 37.86424255
-97.78669739 37.79240036
-97.78503418 37.78870392
-97.74679565 37.70388031
-97.73705292 37.68224716
-97.72091675 37.61636734
-97.71395111 37.58791733
-97.73837280 37.52998352
-97.77430725 37.44456100
-97.78289795 37.42411804
-97.84708405 37.37855911
-97.93134308 37.31861496
-97.94457245 37.30919647
-98.02844238 37.27344513
-98.12784576 37.23096466
-98.13238525 37.22902679
-98.22946930 37.19208527
-98.31396484 37.15984345
-98.33106232 37.15324783
-98.43241882 37.11408234
-98.45937348 37.10365295
-98.52623749 37.06488419
-98.61722565 37.01199341
-98.66532898 36.98398209
-98.71066284 36.96215057
-98.75445557 36.94104004
-98.81345367 36.92805481
-98.86392975 36.91692352
-98.92158508 36.90395355
-98.97133637 36.89274216
-99.03089142 36.88412094
-99.09683990 36.87454224
-99.14181518 36.87771988
-99.22306061 36.88342285
-99.24923706 36.87067032
-99.33932495 36.82671356
-99.34499359 36.82382965
-99.42784119 36.78168488
-99.44030762 36.77655029
-99.53424835 36.73780441
-99.53976440 36.73516846
-99.63598633 36.68917465
-99.65013122 36.68240738
-99.66709900 36.60682297
-99.68297577 36.53596115
-99.69134522 36.51922607
-99.73304749 36.43570328
-99.73878479 36.42419815
-99.79405975 36.36067200
-99.80561829 36.34737778
-99.85319519 36.28440094
-99.87950134 36.24953079
-99.91996765 36.21283340
-99.97924042 36.15900040
-99.99567413 36.14701462
-100.07820130 36.08675385
-100.15638730 36.02952576
-100.15795900 36.02509308
-100.18864440 35.93857956
-100.18096160 35.91841507
-100.15743260 35.85658646
-100.14395900 35.83376694
-100.11093900 35.77775574
-100.09419250 35.75339508
-100.04830170 35.68651199
-100.04412080 35.67353058
-100.02377320 35.61027908
-100.02285000 35.58563614
-100.02011870 35.51269913
-100.02400210 35.49592209
-100.04210660 35.41766739
-100.04469300 35.40747833
-100.06707760 35.31930923
-100.07115940 35.30323410
-100.09217070 35.23164368
-100.10759740 35.17900085
-100.12824250 35.14734268
-100.15750880 35.10243607
-100.17221830 35.06522369
-100.20602420 34.97957611
-100.20735170 34.97621918
-100.24383550 34.89507675
-100.25762180 34.86438370
-100.29120640 34.81417465
-100.31650540 34.77630997
-100.36244960 34.74879074
-100.42297360 34.71249008
-100.45209500 34.69747925
-100.54458620 34.64971924
-100.55441280 34.64464188
-100.62945560 34.59331131
-100.66205600 34.57098389
-100.70854950 34.53156280
-100.78449250 34.46705628
-100.79120640 34.46134949
-100.84317780 34.39146805
-100.85337830 34.37774277
-100.84355930 34.30429459
-100.83868410 34.26774597
-100.81113430 34.21965408
-100.77568050 34.15765000
-100.76760860 34.13734055
-100.74740600 34.08648300
-100.72443390 34.05541611
-100.68377690 34.00036621
-100.67018130 33.97760010
-100.62560270 33.90283584
-100.62593840 33.89627456
-100.62985990 33.82104874
-100.64115140 33.80970764
-100.70372770 33.74678421
-100.71255490 33.74300385
-100.80851750 33.70185471
-100.82839200 33.69332123
-100.90585330 33.66311645
-100.92668150 33.65498352
-100.99363710 33.61152267
-101.03306580 33.58589172
-101.07709500 33.55465317
-101.13714600 33.51199341
-101.15137480 33.49100876
-101.18376160 33.44318390
-101.19906620 33.41057968
-101.21506500 33.37648392
-101.23147580 33.32492828
-101.23669430 33.30850983
-101.24922180 33.23627090
-101.25316620 33.21350098
-101.26054380 33.14686966
-101.28849790 33.07461166
-101.29426570 33.06146240
-101.33124540 32.97702026
-101.33833310 32.96082687
-101.37169650 32.89373016
-101.37479400 32.88751221
-101.40557860 32.81599426
-101.40825650 32.80918885
-101.43940730 32.72995758
-101.43908690 32.72345352
-101.43464660 32.63355255
-101.43380740 32.61650849
-101.40048220 32.54924011
-101.39796450 32.54414368
-101.34726710 32.47708893
-101.34389500 32.47312927
-101.33547210 32.47156525
-101.28967290 32.46307373
-101.23037720 32.45907211
-101.17929080 32.45560455
-101.12526700 32.44643021
-101.05313110 32.43414688
-101.02037810 32.43477249
-100.93186190 32.43642807
-100.91419220 32.43820572
-100.81667330 32.44800568
-100.80875400 32.44958115
-100.70519260 32.47012329
-100.65486910 32.48007202
-100.60018920 32.47880554
-100.49384310 32.47627640
-100.44030760 32.47496796
-100.38755040 32.47719574
-100.33235170 32.47951126
-100.28145600 32.47550201
-100.19538880 32.46868515
-100.17619320 32.46415329
-100.07302860 32.43973160
-99.97361755 32.40966797
-99.95048523 32.40265655
-99.87923431 32.36873245
-99.82545471 32.34308624
-99.78599548 32.32558441
-99.69192505 32.28378677
-99.67771149 32.27746201
-99.58914948 32.26341248
-99.53515625 32.25481796
-99.48661041 32.24102783
-99.38601685 32.21239471
-99.33505249 32.19785309
-99.28456879 32.18625641
-99.18222809 32.16268158
-99.08989716 32.14133072
-99.07965088 32.14033890
-98.97434997 32.13010025
-98.93465424 32.12621689
-98.87149811 32.10988617
-98.78846741 32.08835220
-98.77045441 32.08285141
-98.67079163 32.05235291
-98.60813904 32.03313446
-98.56902313 32.03616715
-98.46357727 32.04428101
-98.43474579 32.04648972
-98.41130066 32.10888291
-98.38936615 32.16720199
-98.39523315 32.19570160
-98.40978241 32.26633072
-98.40278625 32.28379822
-98.36783600 32.37096787
-98.33285523 32.44026566
-98.32015991 32.44729996
-98.23109436 32.49660110
-98.20301819 32.51212692
-98.13348389 32.53068542
-98.09712982 32.54037094
-98.03189850 32.55764770
-97.93439484 32.58340454
-97.93016815 32.58432388
-97.82697296 32.60668564
-97.74299622 32.62480926
-97.72312164 32.62519455
-97.61658478 32.62720871
-97.51004791 32.62913895
-97.50183868 32.62928772
-97.40404510 32.62050247
-97.36504364 32.61697769
-97.29782868 32.61373138
-97.19145966 32.60853577
-97.19457245 32.59942627
-97.22410583 32.51279068
-97.22616577 32.50676346
-97.24681854 32.42471314
-97.26368713 32.35762787
-97.26722717 32.33625793
-97.28202820 32.24695969
-97.28600311 32.22294235
-97.27565002 32.15761185
-97.26292419 32.07714844
-97.25929260 32.06870270
-97.22298431 31.98399544
-97.19531250 31.89695168
-97.18134308 31.85292053
-97.17089844 31.80925369
-97.14980316 31.72089005
-97.14345550 31.69429207
-97.14495849 31.63126183
-97.14701080 31.54521561
-97.14860535 31.54132080
-97.18338013 31.45619583
-97.19744873 31.42170525
-97.22507477 31.37357330
-97.26647949 31.30133247
-97.27150726 31.29266357
-97.31831360 31.21193314
-97.33534241 31.18252754
-97.35121918 31.12683105
-97.37615204 31.03922653
-97.38330841 31.01405907
-97.40583038 30.95277595
-97.43739319 30.86678314
-97.44048309 30.85836220
-97.45942688 30.77865791
-97.48040009 30.69029999
-97.48429871 30.67383766
-97.51085663 30.60412979
-97.53015900 30.55340958
-97.54875183 30.52031517
-97.59428406 30.43918610
-97.62935638 30.37658882
-97.64102173 30.35863113
-97.69202423 30.28003121
-97.73413086 30.21504021
-97.75765991 30.17867661
-97.78424072 30.13604164
-97.83363342 30.05671883
-97.85989380 30.01448250
-97.88992309 29.98137665
-97.95408630 29.91055870
-97.96958161 29.89344025
-98.02380371 29.84398270
-98.09523010 29.77873230
-98.14492035 29.73326302
-98.17201233 29.71946335
-98.26123047 29.67396736
-98.28587341 29.66138077
-98.35615540 29.63917732
-98.45322418 29.60843658
-98.47464752 29.60164261
-98.55387878 29.58951950
-98.65553284 29.57389450
-98.72423553 29.56328964
-98.75604248 29.55429077
-98.85417938 29.52647400
-98.95226288 29.49858665
-98.96206665 29.49579430
-99.05122376 29.47325516
-99.13761139 29.45136070
-99.15013886 29.44785500
-99.24829102 29.42035675
-99.34638977 29.39278984
-99.37493896 29.38475418
-99.44731903 29.37630463
-99.54940796 29.36432266
-99.65146637 29.35226059
-99.70080566 29.34640312
-99.75346375 29.33989525
-99.85540771 29.32724190
-99.95732880 29.31451225
-100.05929570 29.30170250
-100.16108700 29.31462288
-100.26298520 29.32747459
-100.34675600 29.33798218
-100.36508940 29.33751297
-100.46800230 29.33484459
-100.53202060 29.33315086
-100.56952670 29.32407379
-100.66873170 29.30001068
-100.76788330 29.27588081
-100.77767180 29.27349663
-100.80404660 29.24988747
-100.81952670 29.26641846
-100.87663270 29.28156090
-100.90163420 29.32262611
-101.00942990 29.37348556
-101.06773380 29.47377777
-101.15484620 29.48571777
-101.19361110 29.52196503
-101.26181030 29.52669334
-101.24723820 29.56856728
-101.25496670 29.62896347
-101.27537540 29.62506104
-101.29561610 29.57716560
-101.30931090 29.58112526
-101.30624390 29.65264511
-101.33585360 29.66602898
-101.36878970 29.65737343
-101.39537810 29.74041748
-101.41648860 29.74564171
-101.40166470 29.77011108
-101.44880680 29.76079178
-101.47085570 29.78889656
-101.49835210 29.76836586
-101.53873440 29.76322365
-101.54434200 29.81032372
-101.56934360 29.79759979
-101.58187870 29.76535416
-101.62304690 29.77391052
-101.64006040 29.75716400
-101.75949100 29.78736687
-101.80560300 29.78020096
-101.80313870 29.81184959
-101.81949620 29.81432533
-101.82797240 29.79311180
-101.85140990 29.80645943
-101.92462920 29.78870010
-101.97372440 29.81897163
-101.98427580 29.79816818
-102.03021240 29.80556679
-102.03926850 29.78890610
-102.06440730 29.78476906
-102.14901730 29.80329132
-102.18174740 29.84753418
-102.20629120 29.84062767
-102.24071500 29.84862900
-102.24852750 29.86495781
-102.26242830 29.85367775
-102.26284030 29.86878586
-102.28215030 29.86288643
-102.29256440 29.87778473
-102.32475280 29.88031006
-102.33913420 29.86872673
-102.34587100 29.88228035
-102.37064360 29.93210793
-102.38996120 29.96355820
-102.43874360 30.04288483
-102.44161990 30.04756355
-102.48555760 30.12310410
-102.49886320 30.14594459
-102.54004670 30.19946480
-102.57279970 30.24198341
-102.59526060 30.27555084
-102.64736180 30.35332870
-102.64984130 30.35702324
-102.70864870 30.42592811
-102.72354890 30.44336891
-102.77468110 30.49535370
-102.81253050 30.53377533
-102.85082240 30.55535126
-102.93811800 30.60446167
-102.94925690 30.61072350
-103.03326420 30.64085388
-103.05587770 30.64895439
-103.12889100 30.67675972
-103.14556120 30.68309975
-103.22487640 30.71203422
-103.26956940 30.72830773
-103.32001500 30.74897957
-103.40560150 30.78398323
-103.41501620 30.78590393
-103.51668550 30.80659866
-103.56191250 30.81577301
-103.63258360 30.83007240
-103.66146850 30.84170342
-103.75615690 30.87975502
-103.75932310 30.88102722
-103.84412380 30.92825508
-103.93194580 30.97704124
-103.94027710 30.98166466
-104.01174160 31.03849792
-104.08246610 31.10146904
-104.11995700 31.13479233
-104.14874270 31.17057419
-104.15894320 31.18324471
-104.21848300 31.25708771
-104.22957610 31.27082634
-104.27860260 31.33060646
-104.33915710 31.40387344
-104.40787510 31.47174454
-104.45348360 31.51670837
-104.46861270 31.54404068
-104.51353450 31.62510490
-104.55037690 31.69144630
-104.56391140 31.70294189
-104.63854980 31.76627731
-104.66995240 31.79287338
-104.70896910 31.83290672
-104.77731320 31.90289307
-104.82543950 31.98122597
-104.83213810 31.99211311
-104.84712220 32.05663681
-104.84937290 32.06801605
-104.86689000 32.15635681
-104.88060000 32.22535324
-104.88341520 32.24481583
-104.89627840 32.33372498
-104.90443420 32.38988113
-104.90858460 32.42268753
-104.91989900 32.51174545
-104.92292790 32.53557968
-104.93605040 32.60023880
-104.95401000 32.68851852
-104.96009830 32.71839905
-104.98111720 32.77495193
-105.00534060 32.84002304
-105.00833890 32.86125183
-105.02091220 32.95017624
-105.02659610 32.99029922
-105.03565220 33.03885269
-105.05218510 33.12732697
-105.05281070 33.13067245
-105.06850430 33.21582413
-105.07579040 33.25528717
-105.08858490 33.30373764
-105.11171720 33.39116287
-105.12020870 33.42317963
-105.14559940 33.47583389
-105.18573000 33.55890274
-105.19191740 33.57168961
-105.22453310 33.64240646
-105.26316070 33.72597885
-105.26485440 33.72963715
-105.31320950 33.80524445
-105.34222410 33.85052109
-105.36891940 33.88171005
-105.43148800 33.95469284
-105.43396760 33.95758438
-105.49449920 34.02742767
-105.51491550 34.05095291
-105.55381010 34.10224533
-105.59543610 34.15705109
-105.60610200 34.18020630
-105.64034270 34.25442505
-105.63975520 34.26446152
-105.63450620 34.35380936
-105.63188170 34.39862823
-105.61510470 34.44102478
-105.60719300 34.46100617
-105.58101650 34.52599335
-105.55755620 34.58417130
-105.55470280 34.61226273
-105.54565430 34.70142365
-105.54401400 34.71758270
-105.54489900 34.79083252
-105.54599760 34.88029480
-105.54608920 34.88819885
-105.57116700 34.96713638
-105.59574130 35.04429245
-105.59829710 35.05379486
-105.62181090 35.14117050
-105.63454440 35.18835831
-105.63142390 35.22941971
-105.62882230 35.26377487
-105.57518010 35.29730225
-105.53660580 35.32138824
-105.49346920 35.35688782
-105.46235660 35.38247299
-105.41458130 35.41929245
-105.39337920 35.42322540
-105.34545140 35.43210602
-105.29377750 35.45841598
-105.22937770 35.49116135
-105.21872710 35.51758575
-105.20422360 35.55354691
-105.20314790 35.57348251
-105.19944760 35.64168930
-105.19749450 35.66287994
-105.18927000 35.75215912
-105.18730930 35.77344513
-105.20211030 35.84055710
-105.22160340 35.92867661
-105.22833250 35.95904923
-105.22341160 36.01757812
-105.21590420 36.10689545
-105.21240230 36.14855957
-105.21201320 36.19631958
-105.21140290 36.27158356
-105.21045680 36.28581619
-105.20450590 36.37521362
-105.19856260 36.46460724
-105.19753270 36.48013306
-105.19064330 36.55390549
-105.18537140 36.61031723
-105.17498020 36.64220810
-105.14671330 36.72883606
-105.14007570 36.74916840
-105.12174220 36.81610489
-105.09774780 36.90356827
-105.07355500 36.99167252
-105.05850980 37.05817413
-105.05198670 37.07884598
-105.03894810 37.12019730
-105.03608700 37.16705704
-105.03307340 37.21642685
-105.05219270 37.25355148
-105.07123570 37.29050446
-105.10343170 37.33301926
-105.12300110 37.35883331
-105.15066530 37.41403580
-105.16944890 37.45146179
-105.18496700 37.49914932
-105.18775180 37.50769424
-105.23484800 37.57926178
-105.26317600 37.62221909
-105.27783200 37.66161728
-105.29504390 37.70783234
-105.29538730 37.74916840
-105.29570010 37.78604507
-105.27321620 37.83560562
-105.26800540 37.84708405
-105.20295720 37.88358688
-105.18608090 37.87797165
-105.13539120 37.86112213
-105.08997350 37.83192444
-105.05012510 37.80627823
-104.99829100 37.77930450
-104.98769380 37.77379227
-104.92337040 37.77973556
-104.91094210 37.80643463
-104.89034270 37.85065079
-104.89487460 37.89296341
-104.89697270 37.91250610
-104.92384340 37.97917175
-104.93586730 38.00894165
-104.97839360 38.05671310
-104.99623110 38.07673645
-105.03718570 38.11547852
-105.05028530 38.12814712
-105.10347750 38.17960358
-105.12140660 38.19814682
-105.17739870 38.25595093
-105.19267270 38.26794052
-105.25595090 38.31753540
-105.27132420 38.33274841
-105.32984160 38.39057922
-105.33970640 38.40430069
-105.37135320 38.44831085
-105.37133790 38.48732376
-105.37133030 38.50102997
-105.32431790 38.53792572
-105.29624180 38.54712677
-105.23728180 38.56644440
-105.18733980 38.57371139
-105.15245060 38.57877731
-105.07348630 38.58425140
-105.05464940 38.58555221
-104.95901490 38.59075928
-104.94036100 38.59177017
-104.84886930 38.61470795
-104.84443660 38.61582184
-104.80146030 38.69496155
-104.79310610 38.71032333
-104.78634640 38.78302765
-104.78458400 38.80197907
-104.80062100 38.87144089
-104.80419920 38.88695526
-104.84488680 38.95365906
-104.87728880 39.00668335
-104.88813020 39.03639603
-104.91603090 39.11270523
-104.91904450 39.12267685
-104.94547270 39.20985794
-104.97198490 39.29703522
-104.98211670 39.33029175
-105.00778960 39.38200760
-105.04969020 39.46624374
-105.08536530 39.55074692
-105.11003880 39.60904693
-105.12466430 39.63492966
-105.17115780 39.71702576
-105.20233150 39.77194214
-105.21131900 39.80074692
-105.23854830 39.88779831
-105.25662990 39.94544220
-105.26026920 39.97554398
-105.27094270 40.06467438
-105.25274660 40.15311050
-105.24198910 40.20534515
-105.24265290 40.24198914
-105.24430080 40.33148575
-105.24459080 40.34737015
-105.23443600 40.42060089
-105.22207640 40.50963593
-105.21994780 40.52491760
-105.21456910 40.59895325
-105.21131130 40.64377976
-105.19850920 40.68734741
-105.18444820 40.73517990
-105.17362210 40.77487945
-105.15376280 40.84762955
-105.14753720 40.86214066
-105.12901310 40.90531158
-105.11853790 40.94875717
-105.10507970 41.00448990
-105.10498810 41.02097321
-105.10453800 41.10362244
-105.10539250 41.11047745
-105.11643220 41.19962692
-105.11769100 41.20977783
-105.13081360 41.28849030
-105.14301300 41.36142349
-105.14623260 41.37726593
-105.16424560 41.46577453
-105.16545870 41.47172165
-105.18132780 41.55438233
-105.19060520 41.60258865
-105.19740300 41.64309311
-105.20839690 41.70840073
-105.20558930 41.73200989
-105.19499970 41.82118607
-105.19078060 41.85671616
-105.19256590 41.91055679
-105.19454960 41.96994018
-105.19477840 42.00006103
-105.19547270 42.08958054
-105.19551090 42.09455109
-105.23529050 42.17381287
-105.25984190 42.22260284
-105.27902980 42.25726318
-105.32497410 42.34009933
-105.35107420 42.38702774
-105.37168880 42.42271042
-105.39952850 42.47079849
-105.42475890 42.51430893
-105.46035000 42.54740143
-105.53596500 42.61754227
-105.55715940 42.63716125
-105.62704470 42.67618561
-105.71119690 42.72305679
-105.72608950 42.72800827
-105.83731840 42.76493836
-105.85590360 42.77109909
-105.95059200 42.79845429
-106.04340360 42.82516861
-106.06502530 42.82053375
-106.18233490 42.79534149
-106.29187010 42.77170563
-106.29896550 42.76896286
-106.40695950 42.72720337
-106.42555240 42.74319458
-106.45314790 42.75735855
-106.53022000 42.79685974
-106.55340580 42.80844116
-106.63725280 42.85023880
-106.64961240 42.86244202
-106.70744320 42.91943359
-106.71824650 42.93606567
-106.77149200 43.01786423
-106.81507870 43.10004425
-106.83153530 43.13101196
-106.86708070 43.18081665
-106.92378230 43.26007461
-106.93161770 43.27101135
-106.96859740 43.34316635
-106.91275020 43.37175751
-106.87619780 43.40148926
-106.84236910 43.42898560
-106.81111910 43.47639847
-106.76410670 43.54759598
-106.76084140 43.55777359
-106.73297120 43.64482117
-106.71987920 43.68564987
-106.71404270 43.73289490
-106.70451360 43.81005097
-106.70682530 43.82181168
-106.72422790 43.91026306
-106.73113250 43.94528198
-106.73045350 43.99924088
-106.72934720 44.08857345
-106.72847750 44.15975571
-106.73665620 44.17692948
-106.77700040 44.26147842
-106.78713230 44.28266907
-106.81199650 44.34721374
-106.84528350 44.43333053
-106.85106660 44.44826126
-106.90169530 44.51271820
-106.90870670 44.52163315
-106.96764370 44.58876801
-107.03436280 44.66449737
-107.05505370 44.68793869
-107.12023160 44.72883987
-107.18246460 44.76779556
-107.21632390 44.78670883
-107.30352020 44.83530426
-107.31326290 44.84363937
-107.39381410 44.91246033
-107.40845490 44.92494583
-107.48245240 44.97611237
-107.53108980 45.00966263
-107.57744600 45.03499222
-107.67776490 45.08965683
-107.71406560 45.10939026
-107.78470610 45.13742066
-107.89646150 45.17995834
-107.97087860 45.20817566
-108.00694270 45.22411346
-108.11472320 45.27160263
-108.14647670 45.28556061
-108.22653200 45.31423569
-108.25518800 45.32448196
-108.33871460 45.34022141
-108.34754940 45.33993149
-108.47499850 45.33576965
-108.50527190 45.33476258
-108.60012820 45.34979248
-108.72461700 45.36937332
-108.76427460 45.37559128
-108.85095210 45.38095856
-108.89012150 45.38336563
-108.97744750 45.39278031
-109.04087830 45.39957810
-109.10284420 45.40935135
-109.22747040 45.42890549
-109.35263060 45.44686127
-109.38870240 45.45200729
-109.47290040 45.47602844
-109.53899380 45.49483109
-109.58598330 45.51661682
-109.67577360 45.55815125
-109.69490050 45.56248856
-109.81668090 45.59006119
-109.83678440 45.59460068
-109.92862700 45.63268661
-109.95209500 45.64239884
-110.03839110 45.67863083
-110.04208370 45.68018723
-110.13147740 45.73968506
-110.13851170 45.74436188
-110.13736720 45.77462387
-110.13402560 45.86342240
-110.13156890 45.92921829
-110.12972260 45.95221329
-110.12689210 45.98737335
-110.14636230 46.03929901
-110.16606140 46.09172058
-110.17900090 46.12524414
-110.19744870 46.17294311
-110.20851140 46.21168136
-110.22937010 46.28453064
-110.23211670 46.29898453
-110.24891660 46.38706970
-110.25386810 46.41297913
-110.26998900 46.46876526
-110.26595310 46.47390366
-110.20442200 46.55224609
-110.19113160 46.56914520
-110.11902620 46.61862564
-110.09021760 46.63837814
-110.06147770 46.69621658
-110.05226140 46.71476745
-110.08852390 46.77952576
-110.10708620 46.81261062
-110.16725920 46.84714127
-110.19549560 46.86331558
-110.26226040 46.90827942
-110.31537630 46.94395828
-110.35256960 46.97266388
-110.41286470 47.01910400
-110.44504550 47.03517914
-110.52202610 47.07355881
-110.55385590 47.08470917
-110.64519500 47.11663818
-110.67341610 47.11270523
-110.72572330 47.10541916
-110.80300140 47.11406708
-110.93301390 47.12849045
-110.98136900 47.13381195
-111.06225590 47.14571381
-111.14794920 47.15824890
-111.19167330 47.16236878
-111.30982970 47.17342377
-111.32234950 47.17428970
-111.41707610 47.18082046
-111.45353700 47.18355942
-111.58466340 47.19333649
-111.60034940 47.19450378
-111.70497130 47.22841263
-111.82396700 47.26681518
-111.87731930 47.28396607
-111.94702150 47.29841232
-112.01515960 47.31250000
-112.07284550 47.32559585
-112.19818120 47.35390854
-112.27510830 47.37120438
-112.31903840 47.38876343
-112.42262270 47.43006134
-112.42774960 47.43716049
-112.45964810 47.48121643
-112.47242740 47.51980591
-112.50110630 47.60617065
-112.51266480 47.64088440
-112.52079010 47.69350815
-112.52773280 47.73831558
-112.54071040 47.78086471
-112.55643460 47.83231354
-112.57189180 47.86679458
-112.58675380 47.89989472
-112.62493130 47.98465728
-112.66326900 48.06940079
-112.67234040 48.08939743
-112.71815490 48.14983368
-112.72638700 48.16068268
-112.80987550 48.21363068
-112.87637330 48.25567627
-112.90457920 48.27635193
-112.98524470 48.33534622
-112.99741360 48.33978272
-113.11531070 48.38269806
-113.18311310 48.40728378
-113.20924380 48.44078445
-113.25093080 48.49411774
-113.27219390 48.51892853
-113.33838650 48.59598541
-113.35922240 48.62018204
-113.38977810 48.67738724
-113.41831970 48.73069000
-113.43873600 48.75967407
-113.49540710 48.83994293
-113.51316070 48.86502075
-113.52044680 48.92556763
-113.52553560 48.96773911
-113.55361940 48.99719238
-112.19277950 48.99425506
-111.28263090 48.99859619
-110.74702450 48.99840164
-109.49674990 49.00135803
-108.24842070 49.00056458
-107.18138120 49.00140763
-106.11876680 49.00011444
-105.05585480 49.00422287
-104.05603030 49.00354004
-103.00201420 49.00394821
