-105.41458130 35.41929245
-105.45557400 35.41167450
-105.51200870 35.44258881
-105.54340360 35.45977020
-105.58963010 35.50491333
-105.60282900 35.51779556
-105.66267390 35.54224396
-105.68486790 35.53875732
-105.71893310 35.53340530
-105.78852840 35.52038193
-105.79245760 35.52143478
-105.89627080 35.54919434
-105.90811160 35.60710907
-105.91363530 35.63407516
-105.90486910 35.67940521
-105.90505220 35.69560242
-105.90554810 35.73839569
-105.95268250 35.76521301
-105.96261600 35.77086258
-106.05206300 35.73764420
-106.05945590 35.73489762
-106.13806150 35.71300888
-106.15706630 35.71049500
-106.25105290 35.69800949
-106.26618190 35.69644928
-106.31163790 35.69175339
-106.37493130 35.68106461
-106.38145450 35.67996216
-106.47612000 35.64554215
-106.48760990 35.64135742
-106.56174470 35.69298172
-106.57608030 35.70295334
-106.62669370 35.67978287
-106.65712740 35.66864777
-106.72705080 35.64303589
-106.75664520 35.65600205
-106.79048160 35.67081070
-106.80859380 35.75886154
-106.81352230 35.78272629
-106.82287600 35.84735107
-106.82744600 35.87885666
-106.82022090 35.93610382
-106.81646730 35.96585846
-106.82167820 36.02506256
-106.82595060 36.07351303
-106.82749180 36.11418533
-106.82938380 36.16413116
-106.82512660 36.20327759
-106.81922910 36.25745392
-106.80375670 36.29005814
-106.78929900 36.32049942
-106.72600560 36.34584427
-106.69430540 36.35852814
-106.62085720 36.37417221
-106.57374570 36.38418198
-106.51150510 36.39036560
-106.49290470 36.39221573
-106.41138460 36.42767334
-106.39430240 36.43509674
-106.34030150 36.48399735
-106.33898160 36.49243545
-106.32788090 36.56314850
-106.32685090 36.58121109
-106.32403560 36.63046265
-106.33559420 36.66942978
-106.34439850 36.69906998
-106.37268830 36.75344467
-106.39947510 36.80483627
-106.41822820 36.83501434
-106.44960020 36.88543320
-106.46926880 36.91453552
-106.51616670 36.98383331
-106.52238460 36.99322128
-106.56836700 37.06261063
-106.57885740 37.06960678
-106.63880920 37.10956192
-106.66535190 37.12667465
-106.69814300 37.14780807
-106.73876190 37.19332123
-106.74060060 37.19538498
-106.78179170 37.26378632
-106.78897860 37.27314377
-106.82563020 37.32078552
-106.85923000 37.34114075
-106.91135410 37.37266922
-106.95722960 37.38163376
-107.00276950 37.39051056
-107.03971860 37.43373108
-107.06765750 37.46636582
-107.11480710 37.49950027
-107.13040160 37.51045608
-107.17282100 37.47971344
-107.20594020 37.47176743
-107.24541470 37.46228790
-107.31459050 37.47740555
-107.37082670 37.48965836
-107.41596980 37.51403427
-107.41909030 37.51571655
-107.50657650 37.53190613
-107.52264400 37.52322769
-107.56310270 37.50137329
-107.62380220 37.48523712
-107.63539890 37.48215866
-107.70701600 37.47251129
-107.73504640 37.47471237
-107.80137630 37.47990036
-107.84260560 37.49666214
-107.90708160 37.52282715
-107.94738010 37.51910782
-107.96315770 37.51765442
-108.01925660 37.53109360
-108.04946140 37.53832626
-108.05899050 37.60208511
-108.06050870 37.61220932
-108.04704280 37.65809250
-108.03118130 37.68733215
-108.01515200 37.71685410
-108.04209900 37.76974487
-108.06713870 37.81880188
-108.04767610 37.85164261
-108.04114530 37.86267090
-108.02462010 37.93848801
-108.02305600 37.94565582
-107.99687190 38.02485657
-107.95513920 38.07792664
-107.93022920 38.09624863
-107.89066310 38.12535095
-107.83805080 38.14743423
-107.79821010 38.16415024
-107.73503880 38.18564987
-107.70854190 38.19466782
-107.63449860 38.22769928
-107.62781520 38.23067856
-107.53710170 38.27431488
-107.53400420 38.27580261
-107.51283260 38.36053467
-107.51199340 38.36389542
-107.51899720 38.43982696
-107.51883700 38.44943619
-107.51750180 38.52769470
-107.51731110 38.53858948
-107.51574710 38.62775421
-107.51509090 38.66510391
-107.51126100 38.71683121
-107.50546260 38.79518127
-107.50312810 38.80572510
-107.48367310 38.89361954
-107.47360990 38.93904114
-107.43107600 39.02194977
-107.41214750 39.05879211
-107.37948610 39.10146713
-107.33741000 39.15637207
-107.32748410 39.18062973
-107.29466250 39.26069260
-107.29588320 39.26585388
-107.31658170 39.35363007
-107.32824710 39.40294647
-107.34827420 39.43885803
-107.37662510 39.48960877
-107.40307620 39.51684189
-107.44084170 39.55568314
-107.48400880 39.57943726
-107.57308200 39.62833404
-107.57960510 39.62987137
-107.67072300 39.65134430
-107.69090270 39.65619659
-107.76200870 39.67327118
-107.78876500 39.69802856
-107.80119320 39.70951843
-107.83177190 39.77995300
-107.86053470 39.84600830
-107.86327360 39.86315155
-107.82553100 39.87994766
-107.73580930 39.91982651
-107.72464750 39.92505646
-107.62493900 39.97175598
-107.60863490 39.97938538
-107.53077700 40.02468491
-107.50453950 40.03992844
-107.45069890 40.08919907
-107.42713170 40.11074448
-107.35285190 40.13426971
-107.30063630 40.15078735
-107.24174500 40.13927841
-107.17697910 40.12658310
-107.14115910 40.09959412
-107.06319430 40.04072189
-107.05850980 40.03636551
-106.98439790 39.96727371
-106.92692570 39.91355515
-106.90708160 39.90063095
-106.85977170 39.86978149
-106.81657410 39.84418869
-106.77962490 39.82226944
-106.71008300 39.81601715
-106.66932680 39.81234360
-106.61143490 39.84972763
-106.60406490 39.85448456
-106.62532810 39.93480682
-106.63095860 39.95604706
-106.65729520 40.02063370
-106.65992740 40.02709198
-106.70790100 40.09814072
-106.70936580 40.10053635
-106.75897980 40.18145370
-106.76563260 40.19228744
-106.76111600 40.26292801
-106.75878140 40.26929855
-106.73693080 40.32884598
-106.73905180 40.35629654
-106.74418640 40.42245102
-106.74359890 40.44547272
-106.74198150 40.50887299
-106.75401310 40.53311920
-106.79302220 40.61154938
-106.79621890 40.61648560
-106.84819790 40.69667435
-106.86172490 40.71750259
-106.90724180 40.76631165
-106.91152950 40.77185059
-106.97135160 40.84890366
-106.97581480 40.85463715
-107.02573390 40.92821884
-107.04440310 40.95568466
-107.07582860 41.00910568
-107.10791020 41.06353760
-107.12024690 41.09178543
-107.15094760 41.16196823
-107.15100100 41.17734527
-107.15121460 41.23221207
-107.13128660 41.26320648
-107.08914950 41.32869720
-107.06694030 41.32889938
-106.94575500 41.32998276
-106.85769650 41.28644562
-106.84748080 41.28160858
-106.78623200 41.25259781
-106.74958800 41.23078918
-106.70872500 41.20644379
-106.66342930 41.16946030
-106.62362670 41.13690948
-106.58285520 41.10369110
-106.54362490 41.07167816
-106.50099950 41.03888702
-106.48361970 41.02550888
-106.39033510 41.03434372
-106.35952760 41.03725052
-106.35289000 41.09529495
-106.35660550 41.10255432
-106.37957760 41.14744949
-106.39778900 41.18638992
-106.42279820 41.23976517
-106.44338230 41.26868820
-106.47655490 41.31523895
-106.49224090 41.34989548
-106.51772310 41.40609741
-106.53224950 41.43406677
-106.56869510 41.50411606
-106.56243900 41.51750946
-106.53607180 41.57392883
-106.49671940 41.57806778
-106.46620180 41.58128738
-106.38603210 41.56229782
-106.38242340 41.56481934
-106.31384280 41.61290741
-106.29248810 41.62368393
-106.24967960 41.64525604
-106.19351200 41.61627960
-106.14517970 41.59129715
-106.11219790 41.55294418
-106.09887700 41.53744888
-106.05220790 41.47559738
-106.04085540 41.46053314
-105.99584200 41.39673996
-105.98210910 41.37725830
-105.95387270 41.31326675
-105.93850710 41.27837753
-105.92015080 41.22752380
-105.89032750 41.14470673
-105.88887020 41.14123917
-105.85893250 41.07042313
-105.84045410 41.06443787
-105.78318020 41.04586410
-105.74271390 41.07559204
-105.72495270 41.08864212
-105.65641780 41.13723755
-105.63918300 41.14944077
-105.56085970 41.19044495
-105.55731200 41.19230652
-105.49892430 41.26854706
-105.50644680 41.35615540
-105.50710300 41.36382675
-105.50739290 41.44562149
-105.50746150 41.46448898
-105.50966640 41.53508759
-105.51080320 41.57131195
-105.51877590 41.62422562
-105.52845000 41.68827057
-105.53113560 41.71322250
-105.54075620 41.80241394
-105.54677580 41.85792541
-105.55837250 41.89058685
-105.58497620 41.96534729
-105.58927920 41.97707748
-105.61924740 42.05867386
-105.62264250 42.06287765
-105.68465420 42.13967133
-105.69226070 42.14906693
-105.74842830 42.21569061
-105.79872890 42.27519989
-105.81501770 42.29030228
-105.89061740 42.36023331
-105.90875240 42.37698364
-105.97927090 42.42089462
-106.00913240 42.43946075
-106.08128360 42.46881104
-106.13421630 42.49029541
-106.18369290 42.51670456
-106.21234130 42.53198242
-106.26076510 42.58445358
-106.32919310 42.65841293
-106.33742520 42.66730118
-106.40695950 42.72720337
-106.29896550 42.76896286
-106.29187010 42.77170563
-106.18233490 42.79534149
-106.06502530 42.82053375
-106.04340360 42.82516861
-105.95059200 42.79845429
-105.85590360 42.77109909
-105.83731840 42.76493836
-105.72608950 42.72800827
-105.71119690 42.72305679
-105.62704470 42.67618561
-105.55715940 42.63716125
-105.53596500 42.61754227
-105.46035000 42.54740143
-105.42475890 42.51430893
-105.39952850 42.47079849
-105.37168880 42.42271042
-105.35107420 42.38702774
-105.32497410 42.34009933
-105.27902980 42.25726318
-105.25984190 42.22260284
-105.23529050 42.17381287
-105.19551090 42.09455109
-105.19547270 42.08958054
-105.19477840 42.00006103
-105.19454960 41.96994018
-105.19256590 41.91055679
-105.19078060 41.85671616
-105.19499970 41.82118607
-105.20558930 41.73200989
-105.20839690 41.70840073
-105.19740300 41.64309311
-105.19060520 41.60258865
-105.18132780 41.55438233
-105.16545870 41.47172165
-105.16424560 41.46577453
-105.14623260 41.37726593
-105.14301300 41.36142349
-105.13081360 41.28849030
-105.11769100 41.20977783
-105.11643220 41.19962692
-105.10539250 41.11047745
-105.10453800 41.10362244
-105.10498810 41.02097321
-105.10507970 41.00448990
-105.11853790 40.94875717
-105.12901310 40.90531158
-105.14753720 40.86214066
-105.15376280 40.84762955
-105.17362210 40.77487945
-105.18444820 40.73517990
-105.19850920 40.68734741
-105.21131130 40.64377976
-105.21456910 40.59895325
-105.21994780 40.52491760
-105.22207640 40.50963593
-105.23443600 40.42060089
-105.24459080 40.34737015
-105.24430080 40.33148575
-105.24265290 40.24198914
-105.24198910 40.20534515
-105.25274660 40.15311050
-105.27094270 40.06467438
-105.26026920 39.97554398
-105.25662990 39.94544220
-105.23854830 39.88779831
-105.21131900 39.80074692
-105.20233150 39.77194214
-105.17115780 39.71702576
-105.12466430 39.63492966
-105.11003880 39.60904693
-105.08536530 39.55074692
-105.04969020 39.46624374
-105.00778960 39.38200760
-104.98211670 39.33029175
-104.97198490 39.29703522
-104.94547270 39.20985794
-104.91904450 39.12267685
-104.91603090 39.11270523
-104.88813020 39.03639603
-104.87728880 39.00668335
-104.84488680 38.95365906
-104.80419920 38.88695526
-104.80062100 38.87144089
-104.78458400 38.80197907
-104.78634640 38.78302765
-104.79310610 38.71032333
-104.80146030 38.69496155
-104.84443660 38.61582184
-104.84886930 38.61470795
-104.94036100 38.59177017
-104.95901490 38.59075928
-105.05464940 38.58555221
-105.07348630 38.58425140
-105.15245060 38.57877731
-105.18733980 38.57371139
-105.23728180 38.56644440
-105.29624180 38.54712677
-105.32431790 38.53792572
-105.37133030 38.50102997
-105.37133790 38.48732376
-105.37135320 38.44831085
-105.33970640 38.40430069
-105.32984160 38.39057922
-105.27132420 38.33274841
-105.25595090 38.31753540
-105.19267270 38.26794052
-105.17739870 38.25595093
-105.12140660 38.19814682
-105.10347750 38.17960358
-105.05028530 38.12814712
-105.03718570 38.11547852
-104.99623110 38.07673645
-104.97839360 38.05671310
-104.93586730 38.00894165
-104.92384340 37.97917175
-104.89697270 37.91250610
-104.89487460 37.89296341
-104.89034270 37.85065079
-104.91094210 37.80643463
-104.92337040 37.77973556
-104.98769380 37.77379227
-104.99829100 37.77930450
-105.05012510 37.80627823
-105.08997350 37.83192444
-105.13539120 37.86112213
-105.18608090 37.87797165
-105.20295720 37.88358688
-105.26800540 37.84708405
-105.27321620 37.83560562
-105.29570010 37.78604507
-105.29538730 37.74916840
-105.29504390 37.70783234
-105.27783200 37.66161728
-105.26317600 37.62221909
-105.23484800 37.57926178
-105.18775180 37.50769424
-105.18496700 37.49914932
-105.16944890 37.45146179
-105.15066530 37.41403580
-105.12300110 37.35883331
-105.10343170 37.33301926
-105.07123570 37.29050446
-105.05219270 37.25355148
-105.03307340 37.21642685
-105.03608700 37.16705704
-105.03894810 37.12019730
-105.05198670 37.07884598
-105.05850980 37.05817413
-105.07355500 36.99167252
-105.09774780 36.90356827
-105.12174220 36.81610489
-105.14007570 36.74916840
-105.14671330 36.72883606
-105.17498020 36.64220810
-105.18537140 36.61031723
-105.19064330 36.55390549
-105.19753270 36.48013306
-105.19856260 36.46460724
-105.20450590 36.37521362
-105.21045680 36.28581619
-105.21140290 36.27158356
-105.21201320 36.19631958
-105.21240230 36.14855957
-105.21590420 36.10689545
-105.22341160 36.01757812
-105.22833250 35.95904923
-105.22160340 35.92867661
-105.20211030 35.84055710
-105.18730930 35.77344513
-105.18927000 35.75215912
-105.19749450 35.66287994
-105.19944760 35.64168930
-105.20314790 35.57348251
-105.20422360 35.55354691
-105.21872710 35.51758575
-105.22937770 35.49116135
-105.29377750 35.45841598
-105.34545140 35.43210602
-105.39337920 35.42322540
-105.41458130 35.41929245
