-118.67182920 34.76626968
-118.63073730 34.73933411
-118.59415440 34.71531296
-118.54380800 34.68766022
-118.50525670 34.66645431
-118.44652560 34.65087891
-118.34033200 34.62262726
-118.23956300 34.59709167
-118.14430240 34.57284927
-118.13571170 34.57128525
-118.02960210 34.55192184
-117.98790740 34.54428482
-117.92645260 34.52513885
-117.87992860 34.51061249
-117.82418820 34.49583435
-117.72106930 34.46840668
-117.69474790 34.46138763
-117.62414550 34.43000793
-117.55843350 34.40074158
-117.52707670 34.39184189
-117.46035770 34.37287903
-117.42261510 34.37126160
-117.31407170 34.36656189
-117.29243470 34.36561203
-117.20571900 34.37179947
-117.15260310 34.37556457
-117.09720610 34.37655258
-117.04241180 34.37750626
-116.99433900 34.35816956
-116.95027920 34.34042358
-116.89648440 34.32074356
-116.83965300 34.29991150
-116.79464720 34.29235458
-116.68844600 34.27443695
-116.64219670 34.26660156
-116.58135990 34.26082992
-116.51710510 34.25469971
-116.47400670 34.24837494
-116.36730190 34.23264694
-116.34555820 34.22942734
-116.26383210 34.20714951
-116.18350980 34.18518067
-116.16165920 34.17821503
-116.08358000 34.15328216
-116.06212620 34.14414215
-115.96653750 34.10334015
-115.93956760 34.09180832
-115.87404630 34.05834961
-115.79940800 34.02014542
-115.78570560 34.00883102
-115.75106810 33.98022461
-115.76332090 33.93424988
-115.76589200 33.92461014
-115.81692500 33.90442657
-115.83601380 33.89687729
-115.92252350 33.90301132
-116.02931980 33.91642761
-116.04682920 33.91861725
-116.13716890 33.92140198
-116.14163970 33.92153931
-116.24524690 33.92425156
-116.25610350 33.92453384
-116.35301970 33.93116379
-116.38372040 33.93325043
-116.46105190 33.93394089
-116.48009490 33.93410873
-116.56503300 33.91157532
-116.57708740 33.85482788
-116.57279970 33.82616043
-116.56701660 33.78740692
-116.52498630 33.75389481
-116.49948120 33.73353958
-116.44519040 33.69577026
-116.42932890 33.68472672
-116.35966490 33.64318848
-116.32260890 33.62105560
-116.27627560 33.58851624
-116.21070100 33.54238129
-116.19818880 33.52928925
-116.13262940 33.46059799
-116.08252720 33.40797806
-116.08253480 33.38761902
-116.08259580 33.30081940
-116.08265690 33.24486542
-116.11936190 33.23647690
-116.22264860 33.21283722
-116.26198580 33.20381546
-116.32114410 33.17934036
-116.41664120 33.13977814
-116.42893980 33.13467789
-116.44613650 33.06044769
-116.51232910 33.12843323
-116.53610990 33.15281677
-116.57789610 33.19683838
-116.64316560 33.26544571
-116.65958400 33.28267288
-116.72856140 33.31584167
-116.82077030 33.36004639
-116.87924190 33.38801193
-116.91777040 33.39451218
-117.02294160 33.41219711
-117.04798130 33.41639328
-117.12673950 33.39810944
-117.23005680 33.37406921
-117.23655700 33.37255478
-117.30931850 33.31645966
-117.33361050 33.29772186
-117.38150020 33.25250244
-117.40660860 33.22879410
-117.41014860 33.23409271
-117.51065830 33.33606720
-117.59732820 33.39453507
-117.87334440 33.59317398
-117.89289860 33.61621857
-117.87671660 33.64863205
-117.90173340 33.61751175
-117.92706300 33.61503983
-117.88491820 33.59308243
-117.92856600 33.60229111
-118.10672000 33.74756622
-118.12715910 33.76560211
-118.11914830 33.74658203
-118.17903900 33.76235962
-118.20641330 33.74661636
-118.21185300 33.77702331
-118.24661250 33.77392578
-118.27571110 33.76269531
-118.27066800 33.72455216
-118.28689580 33.70390701
-118.35587310 33.73449325
-118.40509030 33.73845291
-118.42895510 33.77545166
-118.38817600 33.81232452
-118.41211700 33.88296890
-118.44540410 33.94802857
-118.54185490 34.03725433
-118.74673460 34.02661514
-118.80990600 34.00200653
-118.85091400 34.02545547
-118.93943020 34.04037476
-119.06649020 34.08591843
-119.09372710 34.10861206
-119.12889860 34.11615372
-119.12634280 34.10392761
-119.09288020 34.09771729
-119.12057500 34.09585190
-119.19099430 34.13364029
-119.19927980 34.15166473
-119.21633910 34.14634323
-119.25750730 34.22555542
-119.19442750 34.23585510
-119.26676180 34.23810196
-119.27497100 34.27157974
-119.31905360 34.27661514
-119.48296360 34.37595367
-119.60629270 34.41643524
-119.68128200 34.40973663
-119.69916530 34.39523315
-119.80030820 34.41920853
-119.86943050 34.40479660
-120.01148990 34.46166229
-120.08440400 34.45839310
-120.14015960 34.47190476
-120.29723360 34.46711350
-120.45619960 34.44250107
-120.50939940 34.52137756
-120.64128880 34.57234192
-120.60162350 34.70402527
-120.63166810 34.75990677
-120.60815430 34.85561752
-120.66594700 34.90381241
-120.64433290 34.97264481
-120.61676790 35.07482147
-120.63404850 35.12689590
-120.63840480 35.14002991
-120.72961430 35.17579269
-120.74712370 35.15388107
-120.86133580 35.20925903
-120.88359830 35.25940704
-120.85501100 35.35211182
-120.84910580 35.31323624
-120.81694790 35.33563232
-120.87520600 35.42776489
-120.99195100 35.45658493
-121.07821660 35.53767395
-121.14656070 35.62932587
-121.27026370 35.66353607
-121.30731960 35.71760941
-121.30265810 35.74548721
-121.32907870 35.80104065
-121.43949130 35.86996841
-121.47928620 35.98903656
-121.56008910 36.01713562
-121.60798650 36.10069656
-121.68948360 36.18059540
-121.77806090 36.23291779
-121.80431370 36.23235321
-121.82662960 36.25057602
-121.82658390 36.27648544
-121.88227840 36.30693817
-121.88474270 36.38945389
-121.93315890 36.51853943
-121.90486910 36.54194260
-121.95508580 36.58247375
-121.91120150 36.64007568
-121.86720280 36.60743332
-121.84357450 36.61474991
-121.80837250 36.64791870
-121.78336330 36.74322510
-121.74712370 36.71520996
-121.75669860 36.74882507
-121.78462220 36.75405121
-121.77045440 36.81219864
-121.73101810 36.81648636
-121.72370150 36.83762741
-121.76106260 36.81846619
-121.79160310 36.85047913
-121.88305660 36.96134567
-121.91326900 36.97370911
-121.95570370 36.95246124
-121.98864750 36.96242905
-122.01296230 36.94644546
-122.06082150 36.94669342
-122.17285920 36.99995041
-122.27431490 37.10547638
-122.30781560 37.11380386
-122.34737400 37.16603470
-122.38588710 37.18699646
-122.41385650 37.23792267
-122.38843540 37.35113525
-122.44058230 37.47811508
-122.46465300 37.49745178
-122.48992920 37.49358368
-122.50477600 37.52149963
-122.51036830 37.58931351
-122.48838040 37.60664368
-122.48484800 37.63766098
-122.49751280 37.70026779
-122.49821470 37.78294373
-122.47338100 37.78633118
-122.46260830 37.80633545
-122.40093230 37.80862808
-122.37940220 37.80140686
-122.36801150 37.74107361
-122.34647370 37.72522354
-122.36721800 37.72204208
-122.36632540 37.70245361
-122.36616520 37.65126419
-122.38238530 37.65009689
-122.35967250 37.60978699
-122.29179380 37.57189941
-122.24743650 37.57790375
-122.23704530 37.54611969
-122.18323520 37.53299332
-122.20192720 37.50949478
-122.18063350 37.52084732
-122.15280150 37.49660492
-122.12553410 37.50547790
-122.08875270 37.45209885
-122.04150390 37.44515228
-122.02144620 37.46125412
-121.97629550 37.46037674
-122.03751370 37.46694565
-122.06616210 37.50388336
-122.09301760 37.49731445
-122.13555910 37.58313370
-122.14675900 37.66073608
-122.18984990 37.71065521
-122.22151180 37.70521927
-122.21291350 37.72374344
-122.24044040 37.73391342
-122.19808200 37.74480438
-122.31241610 37.77846146
-122.31705470 37.81866455
-122.29586030 37.83229446
-122.30709840 37.89127731
-122.31985470 37.90615463
-122.37149810 37.90934372
-122.41201020 37.95976257
-122.38994600 37.95392990
-122.35426330 38.00997162
-122.29552460 38.01479721
-122.25315860 38.05248260
-122.19778440 38.05575180
-122.13475040 38.02482224
-122.00062560 38.05715179
-121.87581630 38.03679275
-121.87932590 38.04076004
-121.89282230 38.05404282
-121.92205050 38.05488968
-121.91169740 38.07262039
-121.92079930 38.08157730
-121.96341710 38.07818222
-122.00200650 38.09476852
-121.97234340 38.11503601
-121.98455050 38.13950348
-122.05072780 38.13906479
-122.06434630 38.09856033
-122.12311550 38.04256058
-122.23223880 38.07108307
-122.27312470 38.15942001
-122.27319340 38.17690659
-122.29875950 38.19804764
-122.31175230 38.19112778
-122.31575010 38.20593643
-122.33890530 38.19358444
-122.28936770 38.17348480
-122.28537750 38.15931702
-122.24660490 38.06728745
-122.27277370 38.09748459
-122.39885710 38.16151810
-122.40321350 38.13492966
-122.42919920 38.11380768
-122.48892970 38.11341476
-122.52925870 38.15110016
-122.47454830 38.08546066
-122.48918910 38.02260590
-122.50644680 38.01865387
-122.45429990 38.00191879
-122.44178770 37.98295593
-122.48538970 37.96376038
-122.46945190 37.93814087
-122.49002080 37.93177033
-122.42818450 37.87778473
-122.45015720 37.86681747
-122.47456360 37.88888168
-122.49466710 37.88434601
-122.46075440 37.85227203
-122.45825200 37.83422470
-122.48081970 37.82065201
-122.48934170 37.81989670
-122.52235410 37.82498550
-122.65439610 37.90293884
-122.67052460 37.93034363
-122.66905980 37.90362167
-122.68521120 37.89333344
-122.70745090 37.90137863
-122.82219700 38.00767136
-122.90598300 38.02363586
-122.91964720 38.05522156
-122.90618900 38.06994629
-122.92153930 38.06420898
-122.92256160 38.07687378
-122.94753270 38.05250931
-122.92118070 38.03062439
-122.93849950 38.03478241
-122.96829990 38.01244354
-122.95659640 37.99076080
-123.01072690 37.99446869
-122.93927000 38.15326691
-122.97659300 38.23728180
-122.87220000 38.12107849
-122.80874630 38.07460785
-122.91860200 38.21693039
-122.95780940 38.23001862
-122.99465180 38.29722977
-123.03897090 38.30325699
-123.04508210 38.32748032
-123.04879760 38.29414749
-123.07469180 38.37279510
-123.12153630 38.43360138
-123.10943600 38.44374084
-123.32925420 38.56163025
-123.43950650 38.70174026
-123.52386470 38.75764084
-123.72190090 38.92477417
-123.72909550 38.95119476
-123.69761660 38.97652435
-123.68344880 39.04180527
-123.71054080 39.13576126
-123.76030730 39.19758606
-123.81371310 39.34781647
-123.79302220 39.48300171
-123.75465390 39.55188370
-123.77616120 39.59616470
-123.78352360 39.68711090
-123.81705470 39.71846390
-123.83811190 39.82639694
-123.88936620 39.85995102
-123.91420750 39.90586090
-124.00763700 39.99858475
-124.03012080 40.02125168
-124.06010440 40.02002716
-124.06858830 40.07546997
-124.09455870 40.10037994
-124.14468380 40.11936951
-124.34530640 40.25243378
-124.33610530 40.32755661
-124.39263920 40.43523788
-124.35446170 40.54663849
-124.31018070 40.62926102
-124.27891540 40.63242722
-124.30112460 40.64160919
-124.24782560 40.72655106
-124.21849820 40.74914932
-124.24993130 40.70550537
-124.21141050 40.68541718
-124.19790650 40.70210648
-124.20720670 40.73978424
-124.16928100 40.79788590
-124.07946010 40.83113098
-124.08167270 40.85329819
-124.13701630 40.85838699
-124.18415830 40.78248978
-124.21527100 40.76525879
-124.10945130 40.97821426
-124.10757450 41.03245926
-124.14695740 41.05345917
-124.14969640 41.12883377
-124.10527800 41.23418426
-124.07160190 41.31383514
-124.05795290 41.45816422
-124.07729340 41.53516007
-124.04421230 41.53652573
-124.08448790 41.55160523
-124.14421080 41.72719574
-124.19697570 41.74246597
-124.24310300 41.77675629
-124.20731350 41.84888840
-124.19552610 41.93242645
-124.18341830 41.92900467
-124.20407100 41.99565888
-124.29985050 42.04887772
-124.35196690 42.09922409
-124.37432860 42.19690323
-124.41506200 42.24589920
-124.40599820 42.28332138
-124.43545530 42.32038116
-124.42681880 42.40836334
-124.38064580 42.43697739
-124.43782040 42.42960739
-124.39176180 42.55302429
-124.40107730 42.62269974
-124.41457370 42.66113663
-124.44998170 42.67644119
-124.47895810 42.73041916
-124.50773620 42.73606873
-124.52034000 42.78871918
-124.55962370 42.83246231
-124.48535160 42.95545960
-124.46810910 42.98578262
-124.44141390 43.03265381
-124.38676450 43.26158905
-124.40607450 43.30020142
-124.37982180 43.33773041
-124.33255000 43.34449005
-124.32470700 43.28286743
-124.30680850 43.28067017
-124.31627660 43.32805634
-124.28658290 43.33381653
-124.31782530 43.34257507
-124.24906160 43.41484833
-124.23616030 43.40642929
-124.22145840 43.41682053
-124.20528410 43.36523056
-124.16075900 43.35625839
-124.19432830 43.42333222
-124.21965030 43.43563461
-124.18981930 43.46465301
-124.22195430 43.45148086
-124.23078920 43.46925354
-124.24310300 43.43023682
-124.33357240 43.35995102
-124.27398680 43.45910644
-124.22600560 43.60501099
-124.21115110 43.66114426
-124.15927890 43.68680191
-124.13569640 43.72826004
-124.13133240 43.70475006
-124.07662960 43.70053864
-124.07891080 43.71944809
-124.13623810 43.74558258
-124.17132570 43.73500443
-124.16975400 43.69581986
-124.20094300 43.67859650
-124.15816500 43.85765076
-124.13631440 44.00728607
-124.11103060 43.96067810
-124.04819490 43.95672989
-124.03134160 43.97864151
-124.07131200 43.97696686
-124.06658940 43.99275208
-124.10949710 43.97035599
-124.13491820 44.01832581
-124.11831660 44.26952362
-124.08872220 44.40697479
-124.06471250 44.42882538
-124.02999880 44.40963364
-124.00595090 44.41273117
-124.03874970 44.44437409
-124.08652500 44.43498230
-124.09336090 44.49406052
-124.06447600 44.61083984
-124.02997590 44.61311722
-124.03822330 44.59347153
-124.02062230 44.60354614
-124.01880650 44.57986069
-123.97898100 44.56777573
-123.93174740 44.58349609
-124.00830840 44.58407211
-124.00868230 44.62475586
-124.06358340 44.62689209
-124.05440520 44.66213989
-124.07704930 44.67557907
-124.05675510 44.73384094
-124.07556150 44.81474304
-124.03125000 44.91546249
-124.02515410 44.89427948
-124.00973510 44.90744019
-124.02893830 44.93663788
-124.00759890 45.03571320
-124.01207730 45.06615067
-123.97545620 45.14360809
-123.95214080 45.17504120
-123.92913820 45.17210770
-123.95664220 45.18716812
-123.97064210 45.16583634
-123.98036960 45.21570587
-123.93195340 45.29332733
-123.96145630 45.27714539
-123.96849060 45.33220673
-124.00213620 45.33687973
-123.97168730 45.35036850
-123.95922850 45.42432022
-123.95735170 45.38134766
-123.93190000 45.40556717
-123.98056030 45.48508453
-123.97024540 45.50486374
-123.93667600 45.50797272
-123.89210510 45.47405624
-123.85950470 45.49908829
-123.88855740 45.50906372
-123.89364620 45.55830383
-123.95341490 45.56853485
-123.91992190 45.68577957
-123.89217380 45.69147873
-123.91805270 45.70559311
-123.93751530 45.66653824
-123.93607330 45.70283508
-123.98027040 45.75650787
-123.97577670 45.77548218
-123.95626830 45.87104034
-123.99649810 45.94192123
-123.93874360 45.97930527
-123.92118840 46.01232147
-123.95523070 46.14278030
-124.01317600 46.22382736
-123.98686220 46.22426605
-123.99808500 46.21817398
-123.97734830 46.20271301
-123.94444270 46.20301819
-123.86443330 46.14923096
-123.82362370 46.16184235
-123.79675290 46.11177444
-123.80499270 46.14074326
-123.77708430 46.14443207
-123.86149600 46.19070053
-123.76140590 46.20993805
-123.71716310 46.16989517
-123.67023470 46.17449951
-123.60521700 46.18914795
-123.62342830 46.20662308
-123.58316040 46.19893646
-123.51702880 46.23609161
-123.44274140 46.20382309
-123.41537480 46.17109299
-123.42135620 46.19381714
-123.37298580 46.18370056
-123.32817840 46.15619659
-123.30751800 46.15966797
-123.40660860 46.21149445
-123.43115230 46.25861359
-123.43724060 46.26238251
-123.47676850 46.27565765
-123.59043120 46.25872803
-123.65964510 46.26546478
-123.67949680 46.30535889
-123.70565030 46.30958557
-123.72545620 46.28542328
-123.76528170 46.27357101
-123.79727940 46.28345871
-123.88577270 46.24044037
-123.99333190 46.31027603
-124.05033110 46.30044937
-124.03519440 46.27596664
-124.07910160 46.26726151
-124.08608250 46.27700043
-124.05743410 46.31753540
-124.06550600 46.63974762
-124.03762050 46.63934326
-124.05470280 46.62559128
-124.02304080 46.58354569
-124.01300050 46.38368606
-123.95787810 46.37456512
-123.92777250 46.42111969
-123.93325040 46.45438385
-123.91539000 46.42910004
-123.84159090 46.40571594
-123.90319820 46.43890762
-123.94069670 46.48112106
-123.92298890 46.50775528
-123.89356230 46.51107788
-123.89889530 46.54941940
-123.95770260 46.61722946
-123.94788360 46.62462235
-123.91381840 46.59692764
-123.89155580 46.59943390
-123.94141390 46.63874435
-123.92646790 46.67306900
-123.85287480 46.69884110
-123.79943850 46.66334534
-123.76747890 46.67504501
-123.80382540 46.67370605
-123.84096530 46.71829224
-123.89553070 46.74498749
-123.92130280 46.72483063
-123.97544100 46.73450088
-123.97358700 46.69826508
-124.09104160 46.72902298
-124.10206600 46.78947449
-124.13883210 46.89999008
-124.10575870 46.90814972
-124.07858280 46.84145355
-124.05394740 46.84732437
-124.02880860 46.82377243
-124.01236720 46.83795547
-124.03781890 46.85827637
-124.01341250 46.86642456
-124.05811310 46.86137009
-124.04692080 46.88725281
-123.98803710 46.89670944
-123.99079130 46.91635895
-123.95932770 46.91473389
-123.89183040 46.93741608
-123.81265260 46.96396637
-123.94142910 46.96580124
-123.91836550 46.98077011
-123.99586490 46.97638321
-124.03438570 47.03104019
-124.11235810 47.04268265
-124.14943700 47.02786255
-124.13238530 46.95095062
-124.17431640 46.92621231
-124.16591640 47.02608109
-124.19273380 47.16698456
-124.23143010 47.27507401
-124.27822110 47.29841995
-124.29425810 47.33398438
-124.27041630 47.34261703
-124.31942750 47.34924316
-124.34879300 47.52659607
-124.41946410 47.73970032
-124.55274960 47.85902786
-124.58535770 47.87202835
-124.60437770 47.86128616
-124.60646060 47.87374496
-124.62794490 47.88355255
-124.66851810 47.96355820
-124.69214630 48.11109161
-124.73277280 48.14999390
-124.69737240 48.18340302
-124.70521550 48.23199844
-124.66264340 48.31438446
-124.70399480 48.33570862
-124.73388670 48.36922455
-124.72185520 48.37683487
-124.64437100 48.37833023
-124.62216950 48.35779190
-124.56990050 48.35925293
-124.38868710 48.27551270
-124.35374450 48.27920914
-124.27886200 48.24845123
-124.24569700 48.25573349
-124.10826870 48.21148300
-124.11502840 48.19264603
-124.04308320 48.16810226
-123.85772710 48.14823914
-123.70122530 48.15677643
-123.63628390 48.13216019
-123.56295010 48.13795090
-123.49716190 48.12439728
-123.46050260 48.12977600
-123.39685060 48.11102676
-123.25199890 48.11298752
-123.11208340 48.18155289
-123.18048860 48.14481735
-123.12322240 48.14872742
-123.07115940 48.12144470
-123.01876830 48.03183746
-122.99925230 48.02574921
-122.99796300 48.04842758
-123.03080750 48.08118057
-122.93074040 48.09794235
-122.92485050 48.06680298
-122.89109800 48.05020523
-122.88011930 48.07095718
-122.89241790 48.07879257
-122.88143160 48.10696030
-122.85038760 48.12710953
-122.84111020 48.13312912
-122.76888280 48.14398956
-122.75060270 48.11380768
-122.80293270 48.08532333
-122.73446660 48.02352905
-122.71946720 47.98399735
-122.68067930 47.96574020
-122.69742580 47.95629120
-122.68096160 47.91497803
-122.66156010 47.91715622
-122.65286250 47.89490509
-122.61818700 47.88431931
-122.65358730 47.86442947
-122.69307710 47.86835098
-122.69139100 47.83382416
-122.74586490 47.80898666
-122.74823000 47.77476120
-122.78884120 47.72373581
-122.78262330 47.69172668
-122.81659700 47.68016052
-122.83432010 47.68264389
-122.78980260 47.80254745
-122.80951690 47.85707092
-122.82820130 47.78710556
-122.85103610 47.78614426
-122.85879520 47.82732391
-122.87306980 47.79120636
-122.85137180 47.75246429
-122.91499330 47.65939713
-122.90055080 47.64849091
-122.93451690 47.64473724
-122.98273470 47.60548019
-123.03497310 47.55282211
-123.05803680 47.49743652
-123.09031680 47.47366333
-123.09857180 47.43257904
-123.10041050 47.42346191
-123.05588530 47.44546509
-123.06891630 47.46286392
-123.03948970 47.47843170
-123.02633670 47.51593781
-122.91696930 47.61460114
-122.75294490 47.66069031
-122.72306060 47.75689697
-122.61116030 47.85000610
-122.59027860 47.85038757
-122.58355710 47.81146240
-122.56169130 47.81602860
-122.58708190 47.90725327
-122.62728120 47.93469620
-122.53189090 47.90946198
-122.51340480 47.82717514
-122.49172210 47.81005478
-122.51297000 47.79030228
-122.47358700 47.75497818
-122.50864410 47.73929977
-122.56233980 47.75283051
-122.56159970 47.72842789
-122.59751890 47.69194794
-122.65755460 47.73976517
-122.65720370 47.71257019
-122.62151340 47.69696808
-122.60009770 47.58906937
-122.60757450 47.56665039
-122.65028380 47.58656693
-122.69222260 47.64337921
-122.70517730 47.61473083
-122.68788910 47.57857895
-122.66079710 47.58383560
-122.62808990 47.56304932
-122.69343570 47.52674484
-122.60988620 47.54674530
-122.55526730 47.58350372
-122.54269410 47.52273178
-122.50446320 47.50721741
-122.55833440 47.39836502
-122.54412080 47.37392426
-122.56879430 47.33333206
-122.58825680 47.33392715
-122.55315400 47.28332901
-122.58052830 47.25138855
-122.61154940 47.29339600
-122.60691070 47.27056503
-122.67522430 47.28710937
-122.69258880 47.27902603
-122.69974520 47.29207993
-122.65935520 47.32780838
-122.66812900 47.34402466
-122.62783050 47.36593246
-122.62868500 47.39856338
-122.63743590 47.39858246
-122.64562990 47.37809753
-122.74155430 47.34144974
-122.73248290 47.32202911
-122.76971440 47.26615524
-122.73742680 47.25645447
-122.71979520 47.22312546
-122.74567410 47.21330643
-122.73708340 47.19157410
-122.76123810 47.16249466
-122.82511140 47.23482513
-122.78433230 47.30282974
-122.79184720 47.33474350
-122.77333070 47.33736038
-122.78698730 47.36303711
-122.80217740 47.36073685
-122.83122250 47.40077591
-122.84452060 47.31732559
-122.93416600 47.27989197
-122.94464110 47.20394897
-123.06610110 47.20464325
-122.94664000 47.19649887
-122.96497340 47.17039108
-123.07986450 47.13453293
-123.02215580 47.14581299
-123.02860260 47.12160110
-123.06943510 47.11566162
-123.08108520 47.09030914
-123.03135680 47.10077286
-123.00119020 47.13568497
-122.97783660 47.13577652
-122.94642640 47.17947769
-122.92850490 47.16598129
-122.96411900 47.13177109
-122.96327970 47.10787964
-123.01911160 47.07646179
-122.99440770 47.03245544
-123.00498200 47.06787872
-122.94703670 47.09799957
-122.93091580 47.13366699
-122.93951420 47.08130264
-122.92315670 47.04796219
-122.89875030 47.05084991
-122.90780640 47.13650131
-122.87471010 47.15448379
-122.84709930 47.15933990
-122.86173250 47.12144470
-122.84485630 47.12676239
-122.82496640 47.09079361
-122.82346340 47.17138290
-122.72818760 47.08243561
-122.70006560 47.09828949
-122.59181210 47.18006134
-122.53076930 47.28744888
-122.54659270 47.31627655
-122.42409520 47.25946808
-122.39283750 47.27772522
-122.44160460 47.30112457
-122.42100520 47.31896973
-122.32537840 47.34432220
-122.31973270 47.39011383
-122.37618260 47.44916916
-122.36222840 47.48332596
-122.39263150 47.51023865
-122.39916230 47.58092880
-122.38221740 47.59540558
-122.35827640 47.59034348
-122.33666230 47.54018021
-122.34832760 47.60824203
-122.44039150 47.65626144
-122.36925510 47.71526718
-122.39431000 47.77417374
-122.39008330 47.81218719
-122.33568570 47.85578919
-122.30291750 47.95021057
-122.23012540 47.96911240
-122.19561770 48.02761459
-122.14317320 48.00603485
-122.16623690 48.03240204
-122.21253970 48.04452133
-122.23382570 48.03171921
-122.32641600 48.07989502
-122.36833190 48.12813950
-122.36853790 48.21216583
-122.40201570 48.22522354
-122.46285250 48.22835922
-122.46363830 48.18953705
-122.49211880 48.18149567
-122.45441440 48.12849045
-122.36133580 48.06009293
-122.39234920 48.06674194
-122.47148900 48.13012695
-122.51451110 48.13397217
-122.54207610 48.21045685
-122.53903200 48.23828888
-122.50913240 48.25378799
-122.48415370 48.24738693
-122.46318050 48.26437378
-122.40439610 48.24659348
-122.37831120 48.28971863
-122.38203430 48.30910110
-122.47045140 48.34216309
-122.49830630 48.37388611
-122.53220370 48.37254333
-122.56436920 48.41424179
-122.54891200 48.44814300
-122.58097080 48.44085312
-122.58743290 48.42118454
-122.66703030 48.41289139
-122.67699430 48.43328857
-122.65567780 48.46189117
-122.69941710 48.49433136
-122.60818480 48.51882172
-122.58423610 48.46290970
-122.57045750 48.49258804
-122.52323150 48.45840454
-122.47383880 48.46219635
-122.50530240 48.55943680
-122.56116490 48.57434463
-122.48403170 48.55796051
-122.43976590 48.57495117
-122.42954250 48.59939575
-122.48780820 48.63857269
-122.51498410 48.66452026
-122.49595640 48.66573334
-122.49537660 48.68287277
-122.51660920 48.68342209
-122.52655790 48.71171951
-122.49179080 48.75288772
-122.57064060 48.77847290
-122.65799710 48.71342087
-122.67245480 48.72996521
-122.64881130 48.77998352
-122.69740300 48.80301666
-122.70866390 48.79098511
-122.71553800 48.83745194
-122.79640960 48.89061737
-122.75424190 48.90998459
-122.75620270 48.93161774
-122.82408140 48.93798447
-122.78614040 48.98558426
-122.79292300 48.97135162
-122.74393460 48.95579910
-122.76707460 48.99934006
-122.14881900 49.00172806
-122.15095520 48.99466705
-122.16516880 48.94770050
-122.18795780 48.91185761
-122.23207090 48.84238052
-122.23489380 48.83094788
-122.25598910 48.74562073
-122.26042940 48.72764587
-122.21466830 48.66616440
-122.19721220 48.64265823
-122.12128450 48.60684204
-122.06101230 48.57833862
-122.05741880 48.53999329
-122.05330660 48.49586105
-122.08403780 48.45851517
-122.12784580 48.40525436
-122.10739900 48.38254929
-122.04268650 48.31049728
-122.03976440 48.30809784
-121.95702360 48.24021530
-121.91022490 48.20168686
-121.87458800 48.17221832
-121.82654570 48.13241577
-121.78970340 48.10558319
-121.74606320 48.07374573
-121.71749120 48.03404617
-121.68568420 47.98974228
-121.67434690 47.95302200
-121.65439610 47.88822937
-121.66963200 47.87049103
-121.72230530 47.80913925
-121.72911830 47.79342270
-121.75933070 47.72372818
-121.75262450 47.71041870
-121.71141050 47.62845993
-121.70075230 47.60719299
-121.76864620 47.56845474
-121.77642820 47.56666184
-121.80072020 47.56108093
-121.87596890 47.54377747
-121.91959380 47.52396011
-121.93683620 47.51612854
-121.88128660 47.45330429
-121.86740110 47.43756103
-121.79510500 47.38857269
-121.77709960 47.37635422
-121.78752900 47.32252884
-121.79622650 47.30855179
-121.81647490 47.27601242
-121.80334470 47.22559357
-121.79741670 47.20276260
-121.82370000 47.14200973
-121.82739260 47.13348389
-121.90512080 47.09580994
-121.92220310 47.08700943
-122.00738530 47.04309845
-122.01585390 47.02875519
-122.05425260 46.96369553
-122.06127170 46.94783783
-122.09601590 46.86928558
-122.10215000 46.86743164
-122.22143550 46.83133698
-122.24789430 46.82331467
-122.34738920 46.80842972
-122.43336490 46.79550934
-122.47576900 46.79958725
-122.58090210 46.80963898
-122.60336300 46.80282211
-122.67910000 46.77980804
-122.68794250 46.74905396
-122.69689180 46.71790314
-122.65187070 46.67258835
-122.60659790 46.62688828
-122.57606510 46.60303497
-122.51361080 46.55413437
-122.50214390 46.53363037
-122.46723170 46.47107697
-122.45854190 46.45278931
-122.41971590 46.37087250
-122.41615300 46.36333847
-122.42173770 46.28536987
-122.42295070 46.26861191
-122.41072080 46.19996262
-122.40232090 46.15263367
-122.40895080 46.11461639
-122.41951750 46.05408478
-122.40922550 46.03005600
-122.37397000 45.94752121
-122.35185240 45.89554596
-122.33765410 45.86520386
-122.29943080 45.78329468
-122.28662110 45.75576019
-122.30442810 45.69991684
-122.33123780 45.61584091
-122.32100680 45.53032303
-122.31526180 45.48490906
-122.33895870 45.44783020
-122.38788600 45.37123871
-122.38945770 45.36881256
-122.44061280 45.29002762
-122.46913910 45.24604035
-122.48786160 45.21025467
-122.52404790 45.14107132
-122.53440860 45.13063812
-122.59324650 45.07137680
-122.60094450 45.05773544
-122.64620210 44.97749710
-122.66027830 44.95251465
-122.71314240 44.90539932
-122.73195650 44.88861847
-122.76852420 44.82876968
-122.72177120 44.77251053
-122.70112610 44.75770950
-122.65364070 44.72362137
-122.70351410 44.70483017
-122.73595430 44.69260407
-122.72393800 44.63267899
-122.72030640 44.61453628
-122.73555760 44.54798126
-122.81354520 44.51712799
-122.83542630 44.49815750
-122.88542940 44.45478821
-122.87864690 44.42459106
-122.86835480 44.37871933
-122.91166690 44.35292435
-122.93262480 44.34043884
-122.98209380 44.29584885
-122.98066710 44.28507996
-122.97209170 44.21985626
-122.96099850 44.20139694
-122.92898560 44.14806366
-122.92316440 44.12062836
-122.91541290 44.08406448
-122.96648410 44.05023956
-123.01396180 44.01877213
-123.01117710 43.96493912
-123.00910190 43.92437363
-123.02843480 43.88145828
-123.06179810 43.80735397
-123.06129460 43.79937744
-123.05596920 43.71406174
-123.05172730 43.64545822
-123.05072780 43.62874985
-123.04564670 43.54344177
-123.04452510 43.52440262
-123.02092740 43.46019363
-122.99066160 43.37751770
-122.98947910 43.37427902
-122.94934080 43.29723740
-122.93377690 43.26729965
-122.87920380 43.19277573
-122.83564760 43.11307144
-122.82683560 43.09690857
-122.79198460 43.03340912
-122.76387020 42.98201752
-122.75386810 42.95253754
-122.72577670 42.86951065
-122.72031400 42.85332108
-122.73823550 42.78564835
-122.74936680 42.74364853
-122.76441960 42.70220566
-122.77507020 42.67285919
-122.80147550 42.62082672
-122.82134250 42.58168793
-122.84323880 42.54050446
-122.85862730 42.51154709
-122.85337830 42.45721817
-122.84844210 42.40587235
-122.83672330 42.37310410
-122.81850430 42.32203674
-122.78308110 42.30115891
-122.69046020 42.24644852
-122.68140410 42.24109268
-122.60836790 42.18409348
-122.58934780 42.16922760
-122.58839420 42.16641617
-122.56788640 42.10578537
-122.56436920 42.09537506
-122.55867000 42.02086639
-122.55509950 41.97376251
-122.53507230 41.93839264
-122.49039460 41.85927200
-122.46425630 41.81285477
-122.45235440 41.77863312
-122.43305970 41.72298813
-122.42461400 41.69567871
-122.39895630 41.61238480
-122.39599610 41.60273743
-122.38107300 41.52806473
-122.37146760 41.47981644
-122.35848240 41.44445801
-122.32827760 41.36198807
-122.32096100 41.34194565
-122.24098210 41.31206894
-122.21064760 41.30072022
-122.13014980 41.28128815
-122.09239200 41.27214813
-122.02880860 41.23830414
-121.97351070 41.20879745
-121.94529720 41.17919159
-121.91583250 41.14823532
-121.91246030 41.10040665
-121.91068270 41.07500076
-121.91191100 41.01497650
-121.91362760 40.93368149
-121.91336060 40.92952347
-121.90800480 40.84418488
-121.90745540 40.83542633
-121.95664980 40.76728439
-121.95990750 40.76276398
-122.02255250 40.69614410
-122.04325870 40.67411041
-122.08164220 40.62211227
-122.04347230 40.54146957
-122.02787780 40.50844192
-122.00762940 40.46028900
-121.99133300 40.42146301
-121.99501800 40.37680435
-121.99664310 40.35723877
-122.03649140 40.30310440
-122.03383640 40.29903793
-121.98367310 40.22203827
-121.94892120 40.16854477
-121.93595120 40.14427567
-121.89356990 40.06484604
-121.85643010 39.98402405
-121.82378390 39.91255951
-121.81663510 39.90414429
-121.76462560 39.84293747
-121.74904630 39.83635330
-121.68463900 39.80909347
-121.65682980 39.78596878
-121.60883330 39.74599075
-121.59077450 39.71683121
-121.58095550 39.70097351
-121.55352780 39.65657043
-121.52449800 39.62689591
-121.47662350 39.57786941
-121.45340730 39.55965805
-121.37416080 39.49737930
-121.30793760 39.42737579
-121.28486630 39.40283585
-121.26442720 39.34939194
-121.23309330 39.26718521
-121.23022460 39.25964737
-121.21358490 39.18302536
-121.19559480 39.09984970
-121.18624120 39.01346207
-121.18195340 38.97361374
-121.17237850 38.92870331
-121.15447240 38.84432602
-121.15119930 38.82884979
-121.13043980 38.76083374
-121.11418150 38.70738220
-121.09938810 38.67885589
-121.05818180 38.59919739
-121.02657320 38.53789902
-121.02101900 38.51863098
-120.99700930 38.43511582
-120.98856350 38.40565872
-120.97237400 38.35171509
-120.94744110 38.26836395
-120.93754580 38.23518753
-120.92566680 38.18453217
-120.91120150 38.12266540
-120.90262600 38.10099030
-120.87032320 38.01911545
-120.86179350 37.99744034
-120.79886630 37.95619202
-120.73482510 37.91410065
-120.71097560 37.90244293
-120.61586760 37.85589218
-120.60187530 37.84903336
-120.51673130 37.81448746
-120.43975830 37.78316879
-120.41944890 37.77108383
-120.33058170 37.71811676
-120.30445860 37.70251083
-120.25911710 37.65283585
-120.20337680 37.59160614
-120.19752500 37.58133316
-120.15281680 37.50274658
-120.13014220 37.46277237
-120.09832000 37.42833710
-120.03369140 37.35823059
-120.01191710 37.33456802
-119.97080230 37.28725433
-119.90885930 37.21578980
-119.87747960 37.17948914
-119.83815770 37.14983368
-119.75841520 37.08954239
-119.75265500 37.08518601
-119.67870330 37.02924347
-119.62292480 36.98693848
-119.59745030 36.97026444
-119.51239780 36.91446686
-119.45502470 36.87672806
-119.43180850 36.85531998
-119.36036680 36.78932571
-119.32043460 36.75234985
-119.29399870 36.72049332
-119.23404690 36.64809799
-119.22669980 36.63921356
-119.16895290 36.57841873
-119.10327910 36.50905228
-119.10101320 36.50666809
-119.04575350 36.43553543
-118.99850460 36.37453461
-118.99113460 36.36085510
-118.94847870 36.28151321
-118.93544770 36.25722122
-118.92037200 36.19872665
-118.90574650 36.14179993
-118.91045380 36.11407852
-118.92495730 36.02876663
-118.92744450 36.01413345
-118.95777890 35.94681168
-118.96811680 35.92386627
-118.99922180 35.86700439
-119.01177980 35.84405518
-119.01599120 35.78308106
-119.01879880 35.74258804
-118.99969480 35.69973373
-118.97872920 35.65262604
-118.95370480 35.62236023
-118.92004390 35.58160400
-118.88086700 35.56006241
-118.81012730 35.52110291
-118.79078670 35.51071167
-118.72228240 35.47386169
-118.71337130 35.45408630
-118.69548030 35.41435242
-118.70608520 35.37124252
-118.71518710 35.33420181
-118.73139950 35.28753281
-118.74296570 35.25424194
-118.72729490 35.20422363
-118.72437290 35.19488525
-118.68072510 35.12670517
-118.67120360 35.11180878
-118.65739440 35.05474472
-118.66718290 35.04654694
-118.70447540 35.01529694
-118.75357060 34.99553299
-118.80699160 34.97401428
-118.85597990 34.96804428
-118.89459990 34.96332550
-118.88729860 34.95375061
-118.88301850 34.93073654
-118.87126920 34.86744309
-118.85337830 34.85066223
-118.80384830 34.80414581
-118.77354430 34.79611587
-118.67910000 34.77103424
-118.67182920 34.76626968
