-83.31400299 39.12104035
-83.29987335 39.09008408
-83.29335022 39.06476212
-83.27130890 38.97784042
-83.26167297 38.89309311
-83.26146698 38.88962936
-83.25714874 38.82095718
-83.26874542 38.80329895
-83.32055664 38.72427750
-83.32212830 38.72187424
-83.37217712 38.65605164
-83.37960052 38.64842224
-83.44846344 38.57761002
-83.45986939 38.56586075
-83.50523376 38.51216507
-83.50865936 38.50278091
-83.52249146 38.46480560
-83.53724670 38.41703796
-83.54384613 38.39563370
-83.55794525 38.32996750
-83.56084442 38.31641007
-83.53654480 38.25957489
-83.52823639 38.24604797
-83.50505066 38.20827484
-83.50780487 38.16087341
-83.55364227 38.11356354
-83.58273315 38.09598541
-83.60686493 38.08139038
-83.66378021 38.04005051
-83.66439056 38.03584290
-83.67098236 37.98995590
-83.71765900 37.96808243
-83.74497986 37.95526504
-83.75151825 37.90826416
-83.74386597 37.89288330
-83.73811340 37.88132095
-83.73056030 37.86616898
-83.79667664 37.81544495
-83.80663300 37.80779648
-83.85024261 37.74739075
-83.85607147 37.74039078
-83.90233612 37.68471909
-83.92835999 37.67576218
-84.01100159 37.64726257
-84.03005219 37.63720703
-84.10092163 37.59973145
-84.12716675 37.59278488
-84.21625519 37.56916809
-84.23506165 37.56640625
-84.25029755 37.47850418
-84.25157166 37.47111511
-84.30075836 37.43338776
-84.32627106 37.41491699
-84.34484100 37.40145874
-84.32188416 37.35766220
-84.33663940 37.33953857
-84.35527801 37.31663513
-84.37504578 37.25710297
-84.38435364 37.22900772
-84.36642456 37.17939377
-84.36407471 37.17149353
-84.35221863 37.13175964
-84.35394287 37.08385849
-84.35601807 37.02557755
-84.37448883 36.99888992
-84.39604187 36.96773529
-84.46318054 36.97201157
-84.47395325 36.97269821
-84.50013733 36.92450714
-84.53045654 36.91055298
-84.56782532 36.89334106
-84.63413238 36.90830994
-84.64559936 36.91089630
-84.73588562 36.91377640
-84.73802948 36.90609360
-84.76002502 36.82712173
-84.76312256 36.81958389
-84.78325653 36.77059937
-84.82481384 36.75317764
-84.85662079 36.73982620
-84.90781403 36.75930405
-84.92703247 36.75975418
-84.96995544 36.76075363
-85.02963257 36.75237656
-85.03282929 36.74617386
-85.05855560 36.69635010
-85.05913544 36.66134644
-85.05949402 36.63914490
-85.05672455 36.59271622
-85.05986023 36.57268143
-85.06529999 36.53786087
-85.09667969 36.49024963
-85.15319824 36.44943237
-85.17788696 36.42940140
-85.21269226 36.40113068
-85.26209259 36.37157059
-85.27217102 36.36553574
-85.33049774 36.31069183
-85.33286285 36.30405426
-85.36170197 36.22296143
-85.36231232 36.21838379
-85.37416077 36.12996674
-85.37831879 36.09881592
-85.39124298 36.04216766
-85.40139008 35.99756622
-85.39657593 35.95414734
-85.39032745 35.89783096
-85.39965820 35.86632538
-85.41414642 35.81734467
-85.43303680 35.78188324
-85.44157410 35.76584244
-85.47206879 35.70666504
-85.47576141 35.69988251
-85.50996399 35.63703537
-85.52660370 35.62178421
-85.59941101 35.55497742
-85.64208221 35.50297928
-85.66286469 35.48239136
-85.72719574 35.41855240
-85.73276520 35.41366196
-85.80722046 35.34816360
-85.81729889 35.33927917
-85.88455963 35.28493118
-85.92169952 35.25485992
-85.96379089 35.22330093
-86.01831055 35.18236160
-86.04623413 35.16462326
-86.13027191 35.11114502
-86.21089172 35.04737091
-86.22261047 35.03808594
-86.26302338 34.96981812
-86.26562500 34.96541977
-86.29240417 34.88409042
-86.30484772 34.84622192
-86.31885528 34.79766083
-86.32276916 34.78408432
-86.38250732 34.74625015
-86.39606476 34.73861694
-86.47322845 34.69511795
-86.47397613 34.68258285
-86.47662353 34.63807297
-86.46842194 34.59401703
-86.46156311 34.55715942
-86.48437500 34.51610565
-86.49114990 34.51226425
-86.57474518 34.46483993
-86.58142853 34.46278000
-86.64775848 34.44230652
-86.68549347 34.43917084
-86.71473694 34.43674088
-86.77645874 34.45779419
-86.78863525 34.45522690
-86.85250854 34.44175339
-86.88974762 34.42438889
-86.94547272 34.39836884
-86.99010468 34.39888763
-87.06022644 34.39967728
-87.09385681 34.41528320
-87.11006165 34.42279816
-87.19306946 34.45173264
-87.21672058 34.45996857
-87.26930237 34.47687531
-87.29376221 34.48563385
-87.38906860 34.51972580
-87.39384460 34.52067947
-87.45385742 34.53272629
-87.49889374 34.54417420
-87.56188202 34.56016541
-87.60020447 34.57621384
-87.64567566 34.59525681
-87.70153809 34.60790634
-87.74081421 34.61678696
-87.80884552 34.61189651
-87.84974670 34.60893631
-87.85715485 34.62826920
-87.87491608 34.67463684
-87.90453339 34.70742035
-87.96951294 34.77927399
-87.98463440 34.79597473
-88.03540039 34.85061264
-88.07213593 34.89010239
-88.10291290 34.92095947
-88.17211151 34.99026489
-88.19403076 35.01219177
-88.23423004 35.06378555
-88.26120758 35.09837723
-88.29371643 35.13893509
-88.31140900 35.16099548
-88.32751465 35.22271347
-88.34621429 35.29431915
-88.33460999 35.30753708
-88.30135345 35.34538650
-88.26406860 35.37577820
-88.23654938 35.39819336
-88.21098328 35.45209122
-88.20067596 35.47380066
-88.15627289 35.50090027
-88.13975525 35.51715469
-88.08981323 35.56626129
-88.08493042 35.59171295
-88.07560730 35.64021301
-88.09573364 35.67710113
-88.11824799 35.71832657
-88.10289764 35.76089859
-88.07215118 35.84675598
-88.06591797 35.93602371
-88.06267548 35.98231506
-88.06478882 36.02532959
-88.06864929 36.10403061
-88.06780243 36.11465454
-88.06064606 36.20387268
-88.05936432 36.21983719
-88.05783844 36.29323959
-88.05595398 36.38264084
-88.05582428 36.38873291
-88.07444763 36.47070313
-88.09456635 36.55865479
-88.12300873 36.64513779
-88.14156342 36.70150375
-88.15601349 36.73043060
-88.18712616 36.79264450
-88.19561768 36.81404495
-88.21976471 36.87485123
-88.23461914 36.89761734
-88.26243591 36.94022369
-88.29235077 36.97410202
-88.35139465 37.04087067
-88.35626984 37.04764938
-88.40348816 37.11327744
-88.41388702 37.12439728
-88.47712707 37.19199371
-88.48226166 37.19528961
-88.56990051 37.25154877
-88.58618164 37.26199341
-88.67140198 37.28913498
-88.71479035 37.30292892
-88.77706146 37.28544617
-88.83345032 37.26958084
-88.88629150 37.27196503
-88.97194672 37.27577972
-88.99742126 37.28280258
-89.05620575 37.29899216
-89.10444641 37.28695679
-89.21197510 37.26004028
-89.24922943 37.32446671
-89.25596619 37.34237289
-89.28248596 37.41289139
-89.29055023 37.42756271
-89.33576965 37.50968170
-89.35911560 37.55202866
-89.40045929 37.58052826
-89.42651367 37.59848022
-89.31336212 37.59492111
-89.24961090 37.59287644
-89.20071411 37.58716202
-89.12561035 37.57833862
-89.08831787 37.57815552
-88.97511291 37.57754135
-88.96976471 37.57751083
-88.87069702 37.61128235
-88.86037445 37.61479569
-88.76363373 37.64043426
-88.74552917 37.64522171
-88.65670776 37.67007065
-88.64503479 37.67333222
-88.54650116 37.69076538
-88.47731018 37.70295334
-88.44094849 37.72029495
-88.34381866 37.76651764
-88.33757019 37.76949310
-88.27898407 37.83930588
-88.24285126 37.88229370
-88.21114349 37.91081619
-88.13780975 37.97667694
-88.03090668 38.01255417
-88.00176239 38.02231217
-87.92786408 38.05058289
-87.89039612 38.06488800
-87.83011627 38.09616852
-87.74835968 38.13848877
-87.73558807 38.14609909
-87.64474487 38.20016479
-87.61330414 38.21883392
-87.55982971 38.25965881
-87.47796631 38.32199478
-87.40051269 38.38772202
-87.37048340 38.41318893
-87.31050110 38.44153214
-87.22355652 38.48252106
-87.21141815 38.48603821
-87.16365814 38.49988937
-87.11183929 38.52869034
-87.08126068 38.54566193
-87.06413269 38.60418320
-87.06165314 38.61262894
-87.03756714 38.69102097
-87.02002716 38.74794006
-87.00388336 38.77598953
-86.95689392 38.85745621
-86.95161438 38.86659622
-86.88425446 38.92622376
-86.83319855 38.97132111
-86.82283783 38.99947739
-86.80928803 39.03626633
-86.76544953 39.07435989
-86.68859863 39.14097595
-86.67389679 39.15370560
-86.61955261 39.21244049
-86.59470368 39.23926163
-86.53701019 39.27373886
-86.46446991 39.31700516
-86.44035339 39.31761551
-86.32445526 39.32051849
-86.28481293 39.32149124
-86.20961762 39.31154251
-86.12778473 39.30068207
-86.09757233 39.29067612
-85.99116516 39.25536346
-85.98740387 39.25412369
-85.93107605 39.18982315
-85.92871857 39.18160248
-85.90567780 39.10130692
-85.90386963 39.09460068
-85.88028717 39.00740814
-85.87692261 38.99494934
-85.86223602 38.91945267
-85.85638428 38.88935471
-85.87227631 38.83203888
-85.88522339 38.78524780
-85.88095856 38.74417496
-85.87618256 38.69829559
-85.86547852 38.65607071
-85.85961914 38.63295364
-85.84356690 38.56863785
-85.83557129 38.53663254
-85.80856323 38.48422623
-85.78981018 38.44781113
-85.76823425 38.40088654
-85.75302887 38.36780548
-85.74401092 38.36428452
-85.67755127 38.33829880
-85.65844726 38.36566544
-85.64833832 38.38012695
-85.63085175 38.45137405
-85.62501526 38.47511673
-85.55990601 38.51567841
-85.55412293 38.51928711
-85.50672150 38.58323288
-85.50582886 38.59265900
-85.49781799 38.67639542
-85.49790955 38.68141174
-85.49903870 38.74506378
-85.46800995 38.75314712
-85.42781830 38.76361084
-85.35823059 38.74747467
-85.34418488 38.74422073
-85.24500275 38.73238754
-85.18611908 38.72533035
-85.13243103 38.73595047
-85.10060120 38.74224472
-85.02074432 38.75717163
-84.97887421 38.76497269
-84.91939545 38.79627609
-84.91294098 38.79967499
-84.86048889 38.82775116
-84.86871338 38.86069489
-84.87763977 38.89643860
-84.90703583 38.94378662
-84.92307281 38.96960831
-84.92788696 39.02976227
-84.92898559 39.04352188
-84.86132812 39.09763336
-84.85659027 39.10142136
-84.80619049 39.12807465
-84.75874329 39.12512207
-84.69098663 39.12087631
-84.65469360 39.09712982
-84.63880921 39.08673477
-84.55400848 39.08419037
-84.54423523 39.08512497
-84.42955017 39.09614182
-84.41222381 39.09780121
-84.34890747 39.07987213
-84.32781982 39.06277084
-84.29455567 39.03579712
-84.24285889 39.00283813
-84.21638489 38.98594666
-84.16346741 38.93875122
-84.14320373 38.92067337
-84.07540131 38.88212586
-84.05305481 38.86941147
-83.96813202 38.85333252
-83.95285034 38.85044479
-83.86341095 38.85167694
-83.85424042 38.85475159
-83.74858856 38.89007950
-83.73494720 38.89463806
-83.64622498 38.93072510
-83.62461853 38.93949890
-83.55281067 38.98228455
-83.52364349 38.99964142
-83.46293640 39.03783417
-83.45727539 39.04139328
-83.39845276 39.07601929
-83.36905670 39.08913040
-83.31623840 39.11267471
-83.31400299 39.12104035
