-89.42651367 37.59848022
-89.40045929 37.58052826
-89.35911560 37.55202866
-89.33576965 37.50968170
-89.29055023 37.42756271
-89.28248596 37.41289139
-89.25596619 37.34237289
-89.24922943 37.32446671
-89.21197510 37.26004028
-89.22808838 37.25599289
-89.26940918 37.22673035
-89.28862000 37.21966553
-89.33220673 37.20361710
-89.39672089 37.20079803
-89.42121887 37.19971848
-89.45629883 37.26402664
-89.46546173 37.28080750
-89.52160645 37.32427979
-89.53283691 37.32278824
-89.60335541 37.31339645
-89.64288330 37.30387497
-89.69835663 37.29048538
-89.74484253 37.26743317
-89.78726196 37.24636078
-89.84074402 37.22035599
-89.90128327 37.19086838
-89.93698120 37.17377472
-90.03322601 37.12730408
-90.11843109 37.06875992
-90.16909790 37.03387070
-90.20104980 37.00804520
-90.27992249 36.94418335
-90.30750275 36.92180633
-90.35748291 36.87935638
-90.42221069 36.82425690
-90.43264008 36.81289673
-90.49893188 36.74056625
-90.51708984 36.72071838
-90.56852722 36.67032242
-90.63928223 36.60083008
-90.67154694 36.56908798
-90.70348358 36.52761078
-90.76216125 36.45125580
-90.76963806 36.44151688
-90.82013702 36.37457275
-90.87865448 36.29681015
-90.94577026 36.22667694
-90.99971771 36.17017746
-91.01023102 36.15380096
-91.06134796 36.07408142
-91.11235809 35.99432755
-91.16324616 35.91453934
-91.21402740 35.83471680
-91.23737335 35.79793930
-91.27823639 35.76264572
-91.31106567 35.73425293
-91.34250641 35.69026565
-91.39792633 35.61256027
-91.46187592 35.60847473
-91.48744202 35.60836029
-91.55844116 35.60803604
-91.59707642 35.60189056
-91.69981384 35.58548737
-91.70544434 35.58508301
-91.81533813 35.57712173
-91.83830261 35.57545090
-91.92538452 35.58016968
-91.96976471 35.58255386
-92.03556061 35.58040619
-92.14337921 35.57681274
-92.25576019 35.56950760
-92.26589966 35.56884003
-92.36483002 35.58151245
-92.39094543 35.58484650
-92.47481537 35.58312607
-92.58406830 35.58080673
-92.69541931 35.58240891
-92.73354340 35.58293533
-92.80490875 35.57398224
-92.91391754 35.56023026
-92.96331787 35.55395889
-93.02360535 35.55284882
-93.13385773 35.55074692
-93.18186951 35.54980087
-93.24395752 35.54602432
-93.28641510 35.54342651
-93.35372925 35.54932022
-93.39808655 35.55318451
-93.46283722 35.56220245
-93.52907562 35.57138824
-93.57138061 35.57823181
-93.67963409 35.59566116
-93.69715118 35.59847260
-93.78459930 35.62310791
-93.83531952 35.63736343
-93.89153290 35.63100433
-94.00086212 35.61856079
-94.04290772 35.61375046
-94.10890961 35.62683868
-94.13475037 35.63195801
-94.21839142 35.62771606
-94.32865906 35.62344742
-94.35355377 35.62248230
-94.43891907 35.61912537
-94.48557281 35.61726379
-94.54799652 35.62749863
-94.63048553 35.64097595
-94.65566254 35.64713287
-94.70867157 35.66008377
-94.76325226 35.66625595
-94.84410095 35.67535400
-94.87203217 35.68121719
-94.91672516 35.69058609
-95.02376556 35.71294785
-95.04392242 35.71714783
-95.12805176 35.74256897
-95.16130066 35.75260162
-95.23180390 35.77373123
-95.29055023 35.79130554
-95.33431244 35.80743027
-95.35855865 35.81635666
-95.31401062 35.89884186
-95.29331207 35.93709564
-95.28645325 35.98507690
-95.27363586 36.07456970
-95.26997375 36.10012436
-95.25105286 36.16263962
-95.22503662 36.24841690
-95.16796112 36.32780838
-95.12242126 36.39100647
-95.11049652 36.40493774
-95.04698944 36.47899246
-95.03028870 36.49844360
-94.97463989 36.54738235
-94.94267273 36.57545090
-94.89416504 36.60968018
-94.82073975 36.66139221
-94.81607819 36.67226792
-94.77955627 36.75740814
-94.75868225 36.80596924
-94.74037170 36.84175110
-94.69768524 36.92504120
-94.69287109 36.93442154
-94.65653229 37.00883102
-94.62231445 37.07875061
-94.61478424 37.09243393
-94.56936646 37.17483139
-94.49406433 37.24176407
-94.47183991 37.26140213
-94.40197754 37.29188156
-94.32485199 37.32545471
-94.30262756 37.33451080
-94.20207214 37.37541962
-94.19819641 37.37699127
-94.10883331 37.42617035
-94.07270050 37.44602203
-94.02764130 37.48777390
-93.99525452 37.51774216
-93.97440338 37.56542587
-93.93715668 37.65044022
-93.92175293 37.68554688
-93.90264130 37.73616028
-93.87622833 37.80601501
-93.86880493 37.82205200
-93.82962799 37.90653992
-93.82711792 37.91196060
-93.80597687 37.99452210
-93.80023956 38.01688003
-93.76889801 38.07933426
-93.75346375 38.11004257
-93.70610046 38.15303039
-93.65586090 38.19856644
-93.63154602 38.22117615
-93.55764008 38.28980637
-93.52375793 38.32120514
-93.50463867 38.36761474
-93.47287750 38.44453812
-93.46572876 38.45170593
-93.39505005 38.52254486
-93.36743927 38.55016327
-93.31909180 38.58983230
-93.23969269 38.65483093
-93.22631073 38.66576386
-93.15763092 38.71780396
-93.10874176 38.75477219
-93.08313751 38.78561783
-93.02040100 38.86104965
-92.99869537 38.88710403
-92.95689392 38.93611526
-92.91152954 38.98919296
-92.88063812 38.98283386
-92.86783600 38.98020172
-92.77333069 38.97684860
-92.76585388 38.97768784
-92.65515900 38.99014282
-92.65206909 38.98874283
-92.55261230 38.94322967
-92.46421051 38.88550568
-92.44836426 38.87514877
-92.37097168 38.83213043
-92.30662537 38.81038666
-92.26372528 38.80104446
-92.15288544 38.77682877
-92.14467621 38.77502823
-92.03836059 38.78055573
-92.02510834 38.78124237
-91.92623138 38.80018997
-91.90223694 38.80478287
-91.81283569 38.81539917
-91.78406525 38.81880951
-91.69990540 38.83279419
-91.67790222 38.83644867
-91.58733368 38.85182953
-91.55915832 38.85660553
-91.47463989 38.84275436
-91.46369171 38.84095764
-91.36367798 38.81875610
-91.32627869 38.81043243
-91.25179291 38.79778290
-91.16810608 38.78351212
-91.13976288 38.77729416
-91.02683258 38.75245285
-90.91848755 38.72806549
-90.87968445 38.71931458
-90.80518341 38.72227478
-90.75806427 38.72412491
-90.69034576 38.72134781
-90.62706757 38.71871185
-90.59752655 38.68566895
-90.56549072 38.64981079
-90.54285431 38.60733032
-90.51112366 38.54771042
-90.49787903 38.52478409
-90.47393036 38.48331070
-90.44423676 38.44570160
-90.44902801 38.44195938
-90.44397735 38.40364456
-90.43692780 38.35015869
-90.42262268 38.31599808
-90.40336609 38.26996231
-90.37070465 38.23763275
-90.34346008 38.21064758
-90.29457092 38.17090225
-90.25051117 38.13504410
-90.20799255 38.11336899
-90.11633301 38.06657791
-90.11310577 38.06385422
-90.04092407 38.00303650
-90.03501129 37.99856567
-89.95281220 37.93654251
-89.86760712 37.87715530
-89.85085297 37.86545944
-89.78425598 37.81623077
-89.76373291 37.80104828
-89.68982697 37.76723480
-89.65889740 37.75307083
-89.59609985 37.71690369
-89.54387665 37.68678284
-89.50898743 37.65987396
-89.45366669 37.61718369
-89.42651367 37.59848022
