-116.44613650 33.06044769
-116.41829680 33.03179169
-116.39141080 33.00408554
-116.34504700 32.96909332
-116.26696010 32.91001511
-116.19284820 32.85378647
-116.18896480 32.85089111
-116.11041260 32.79227448
-116.03198240 32.73357773
-115.99356080 32.70476150
-115.95542910 32.67332458
-115.90903470 32.63501358
-116.10696410 32.61946869
-117.12920380 32.53590775
-117.15340420 32.63809586
-117.19435120 32.68221283
-117.22869110 32.69484329
-117.19984440 32.71852112
-117.16602330 32.69359207
-117.10644530 32.59743118
-117.12454990 32.67898560
-117.19879150 32.73897171
-117.23252870 32.71434021
-117.23193360 32.67172623
-117.24828340 32.68029022
-117.25279240 32.75067139
-117.22290040 32.78579712
-117.24692540 32.79349136
-117.25284580 32.76751709
-117.28252410 32.83029556
-117.28532410 32.85123062
-117.25585940 32.85630798
-117.25486760 32.88817596
-117.32843780 33.11148453
-117.40660860 33.22879410
-117.38150020 33.25250244
-117.33361050 33.29772186
-117.30931850 33.31645966
-117.23655700 33.37255478
-117.23005680 33.37406921
-117.12673950 33.39810944
-117.04798130 33.41639328
-117.02294160 33.41219711
-116.91777040 33.39451218
-116.87924190 33.38801193
-116.82077030 33.36004639
-116.72856140 33.31584167
-116.65958400 33.28267288
-116.64316560 33.26544571
-116.57789610 33.19683838
-116.53610990 33.15281677
-116.51232910 33.12843323
-116.44613650 33.06044769
