-113.55361940 48.99719238
-113.52553560 48.96773911
-113.52044680 48.92556763
-113.51316070 48.86502075
-113.49540710 48.83994293
-113.43873600 48.75967407
-113.41831970 48.73069000
-113.38977810 48.67738724
-113.35922240 48.62018204
-113.33838650 48.59598541
-113.27219390 48.51892853
-113.25093080 48.49411774
-113.20924380 48.44078445
-113.18311310 48.40728378
-113.11531070 48.38269806
-112.99741360 48.33978272
-112.98524470 48.33534622
-112.90457920 48.27635193
-112.87637330 48.25567627
-112.80987550 48.21363068
-112.72638700 48.16068268
-112.71815490 48.14983368
-112.67234040 48.08939743
-112.66326900 48.06940079
-112.62493130 47.98465728
-112.58675380 47.89989472
-112.57189180 47.86679458
-112.55643460 47.83231354
-112.54071040 47.78086471
-112.52773280 47.73831558
-112.52079010 47.69350815
-112.51266480 47.64088440
-112.50110630 47.60617065
-112.47242740 47.51980591
-112.45964810 47.48121643
-112.42774960 47.43716049
-112.42262270 47.43006134
-112.31903840 47.38876343
-112.27510830 47.37120438
-112.19818120 47.35390854
-112.07284550 47.32559585
-112.01515960 47.31250000
-111.94702150 47.29841232
-111.87731930 47.28396607
-111.82396700 47.26681518
-111.70497130 47.22841263
-111.60034940 47.19450378
-111.58466340 47.19333649
-111.45353700 47.18355942
-111.41707610 47.18082046
-111.32234950 47.17428970
-111.30982970 47.17342377
-111.19167330 47.16236878
-111.14794920 47.15824890
-111.06225590 47.14571381
-110.98136900 47.13381195
-110.93301390 47.12849045
-110.80300140 47.11406708
-110.72572330 47.10541916
-110.67341610 47.11270523
-110.64519500 47.11663818
-110.55385590 47.08470917
-110.52202610 47.07355881
-110.44504550 47.03517914
-110.41286470 47.01910400
-110.35256960 46.97266388
-110.31537630 46.94395828
-110.26226040 46.90827942
-110.19549560 46.86331558
-110.16725920 46.84714127
-110.10708620 46.81261062
-110.08852390 46.77952576
-110.05226140 46.71476745
-110.06147770 46.69621658
-110.09021760 46.63837814
-110.11902620 46.61862564
-110.19113160 46.56914520
-110.20442200 46.55224609
-110.26595310 46.47390366
-110.26998900 46.46876526
-110.25386810 46.41297913
-110.24891660 46.38706970
-110.23211670 46.29898453
-110.22937010 46.28453064
-110.20851140 46.21168136
-110.19744870 46.17294311
-110.17900090 46.12524414
-110.16606140 46.09172058
-110.14636230 46.03929901
-110.12689210 45.98737335
-110.12972260 45.95221329
-110.13156890 45.92921829
-110.13402560 45.86342240
-110.13736720 45.77462387
-110.20510860 45.76070404
-110.26152040 45.75170898
-110.31468960 45.74320602
-110.38709260 45.73284531
-110.43586730 45.72584915
-110.49405670 45.68925094
-110.52036290 45.67269516
-110.56880190 45.61794663
-110.58529660 45.55938339
-110.58570100 45.53033829
-110.58617400 45.49687958
-110.61705020 45.44588852
-110.62897490 45.42619324
-110.68116000 45.38476563
-110.69407650 45.37628555
-110.73481750 45.34954071
-110.77418520 45.30794525
-110.81164550 45.26830292
-110.80998990 45.22703934
-110.80941010 45.21258163
-110.77648930 45.14200211
-110.76562500 45.11867523
-110.71508030 45.06510544
-110.70056920 45.04970551
-110.67356870 44.98203278
-110.67133330 44.97642136
-110.68974300 44.92944336
-110.71275330 44.89928818
-110.74880980 44.85199356
-110.78462980 44.82746124
-110.79978940 44.81708145
-110.88761140 44.77636337
-110.90245060 44.76947785
-110.99462130 44.72922516
-111.03446200 44.71180344
-111.08795170 44.67067337
-111.11117550 44.65280151
-111.16117100 44.59877777
-111.18130490 44.57699204
-111.23442840 44.52671432
-111.25321200 44.50892258
-111.31350710 44.46782684
-111.31687160 44.46088028
-111.33583830 44.42163467
-111.34871670 44.42665863
-111.39033510 44.43302917
-111.46929170 44.44506836
-111.51397700 44.44264984
-111.62409210 44.43662643
-111.63925930 44.43663025
-111.76486210 44.43656540
-111.77423100 44.43655777
-111.88666530 44.41574097
-111.91754150 44.41001129
-111.99692540 44.37499619
-112.03585050 44.35779953
-112.08821870 44.31557846
-112.13526920 44.27759171
-112.17542270 44.25226211
-112.23454280 44.21491623
-112.26852420 44.19311905
-112.32567600 44.15644073
-112.36180110 44.13421249
-112.44835660 44.08087540
-112.45682530 44.07688141
-112.56067660 44.02782822
-112.58102420 44.01820755
-112.67949680 44.00481033
-112.75563810 43.99439239
-112.79164890 43.97281265
-112.84900670 43.93841171
-112.84726720 43.90338516
-112.84400180 43.83686447
-112.84877010 43.81544876
-112.86637880 43.73634720
-112.87317660 43.72975922
-112.94128420 43.66370773
-112.94973750 43.66163635
-113.03203580 43.64150620
-113.06713870 43.64971542
-113.10898590 43.65949249
-113.18113710 43.68387222
-113.20584110 43.69220734
-113.29582210 43.66736603
-113.37989810 43.61325836
-113.38745880 43.60795593
-113.45705410 43.55913544
-113.47518920 43.54571533
-113.51853180 43.51361847
-113.56554410 43.48566818
-113.62828060 43.44832611
-113.66808320 43.43900299
-113.78542330 43.41144180
-113.82413480 43.40231705
-113.90618130 43.40960312
-113.94628140 43.41315079
-114.01799770 43.44293976
-114.04840090 43.45555115
-114.13661190 43.45196152
-114.18177030 43.45011139
-114.24977870 43.42241287
-114.33647160 43.38704300
-114.35894010 43.38188171
-114.43752290 43.36382294
-114.47737880 43.35741806
-114.59771730 43.33803558
-114.61556240 43.33515930
-114.70895390 43.30086136
-114.77951810 43.27490234
-114.82008360 43.26300049
-114.93398280 43.22952652
-114.96308900 43.22095108
-115.05149080 43.20373917
-115.12837980 43.18872070
-115.17137910 43.18481827
-115.27250670 43.17558670
-115.29330440 43.17794037
-115.39035030 43.18891525
-115.41912840 43.19215393
-115.49792480 43.22841263
-115.55040740 43.25249863
-115.59236140 43.28355789
-115.66201020 43.33500671
-115.67501830 43.34818649
-115.74580380 43.41979217
-115.75852970 43.43263626
-115.83160400 43.48231506
-115.86840060 43.50727844
-115.91413120 43.54714584
-115.93775180 43.56772613
-115.98274990 43.61968231
-116.01039890 43.65153885
-116.04251860 43.69615555
-116.08546450 43.75565720
-116.09621430 43.77486801
-116.14183810 43.85616684
-116.15759280 43.88418198
-116.17122650 43.94067001
-116.18766020 44.00851822
-116.18908690 44.02710724
-116.19582370 44.11444092
-116.19653320 44.12363052
-116.20024870 44.20185471
-116.20104980 44.21872330
-116.19143680 44.28900528
-116.18518070 44.33479691
-116.19164280 44.37604141
-116.20304110 44.44847107
-116.20745090 44.46274948
-116.22559360 44.52142334
-116.23291780 44.54838181
-116.25266270 44.62080383
-116.26238250 44.63276672
-116.31675720 44.69959641
-116.32730870 44.70734787
-116.40365600 44.76333618
-116.41423800 44.77065277
-116.47997280 44.81602096
-116.50331880 44.83254242
-116.59169770 44.89496613
-116.60041810 44.90112305
-116.65000920 44.97202683
-116.66642000 44.99544525
-116.69398500 45.05376053
-116.70421600 45.07536316
-116.70771030 45.13999557
-116.70962520 45.17524719
-116.71974940 45.22652817
-116.72675320 45.26194382
-116.72795870 45.31359482
-116.72904210 45.35918427
-116.71830750 45.40038300
-116.70153050 45.46476364
-116.67696380 45.47911453
-116.65218350 45.49356460
-116.57341770 45.53947830
-116.55279540 45.54865265
-116.44532780 45.59644699
-116.43958280 45.59900284
-116.33970640 45.64622498
-116.30266570 45.66370773
-116.23571010 45.69766617
-116.14695740 45.74259567
-116.13637540 45.75255585
-116.06082920 45.82355881
-116.03721620 45.84572601
-115.99636840 45.89926910
-115.97425080 45.92823029
-115.94966890 45.98071289
-115.92704770 46.02895737
-115.91706850 46.06541443
-115.89479060 46.15160370
-115.93255620 46.23542023
-115.93904110 46.24977875
-115.98621370 46.31499481
-116.04362490 46.39351654
-116.13541410 46.45550537
-116.16294860 46.47406006
-116.23486330 46.51173401
-116.33771510 46.56541443
-116.37917330 46.58699799
-116.43444820 46.62383652
-116.50992580 46.67399216
-116.52767180 46.68504333
-116.60716250 46.73448563
-116.61844640 46.74723053
-116.68514250 46.82247543
-116.71224980 46.85296631
-116.73355870 46.90299225
-116.75820160 46.96069336
-116.75709530 46.98819351
-116.75476070 47.04639053
-116.76046750 47.07546616
-116.77247620 47.13650513
-116.77845760 47.16215515
-116.79869840 47.24863815
-116.80973820 47.29557419
-116.81654360 47.33533859
-116.83150480 47.42230988
-116.83280180 47.42980575
-116.92082980 47.48463821
-116.92978670 47.49021149
-117.03179170 47.53227615
-117.06427000 47.54563141
-117.10976410 47.60012054
-117.14871220 47.64665985
-117.15553280 47.68067932
-117.16837310 47.74454498
-117.18282320 47.76553726
-117.23370360 47.83926773
-117.24342350 47.84056091
-117.37445070 47.85791397
-117.50758360 47.86431885
-117.58843990 47.86815262
-117.63779450 47.87992478
-117.71181490 47.89755630
-117.76602170 47.90309525
-117.84870910 47.91149902
-117.89855190 47.91445160
-118.01619720 47.92134857
-118.03166960 47.91980362
-118.16397860 47.90663147
-118.17060850 47.90597153
-118.28639220 47.88143158
-118.29116060 47.88304138
-118.38789370 47.91578674
-118.41062930 47.92193604
-118.52555850 47.95298004
-118.53484340 47.95245743
-118.66121670 47.94530106
-118.66619110 47.94854355
-118.75524140 48.00654602
-118.76017760 48.01042175
-118.84566500 48.07738876
-118.93140410 48.14427185
-118.94612880 48.15574646
-119.05732730 48.15943909
-119.12611390 48.16168213
-119.19165040 48.16133118
-119.32607270 48.16050339
-119.36789700 48.16022110
-119.46049500 48.16060638
-119.59491730 48.16104889
-119.63604740 48.16115952
-119.72747800 48.17299271
-119.70838930 48.25906753
-119.70782470 48.26160812
-119.67452240 48.34325790
-119.66918180 48.35633469
-119.64128880 48.42760086
-119.62331390 48.47347259
-119.60372160 48.51114654
-119.58219150 48.55254745
-119.56079100 48.59373474
-119.53173070 48.64959335
-119.53229520 48.67775726
-119.53333280 48.72841644
-119.54814910 48.76347351
-119.57755280 48.83286285
-119.58728030 48.84656143
-119.63101960 48.90805817
-119.63920590 48.92671204
-119.66110230 48.97651672
-119.67418670 49.00146866
-118.84358220 48.99800491
-118.20035550 48.99894333
-117.43510440 48.99969482
-117.03192900 48.99481583
-116.05970760 48.99308777
-114.72932430 48.99596786
-114.06816100 48.99486542
-113.55361940 48.99719238
