-87.30676269 46.50225067
-87.34042358 46.44517899
-87.36837005 46.39767837
-87.37976837 46.36038208
-87.40170288 46.28848648
-87.40347290 46.27263641
-87.41337585 46.18354416
-87.41369629 46.18070221
-87.45988464 46.10028839
-87.48378754 46.05856323
-87.52442169 46.02408600
-87.60050964 45.95938873
-87.60321808 45.95376969
-87.64405823 45.86899185
-87.66127014 45.83317947
-87.66876984 45.78181458
-87.68170929 45.69287872
-87.69092560 45.62924576
-87.70006561 45.60462570
-87.73211670 45.51808166
-87.74095917 45.49414825
-87.78370666 45.43679810
-87.80279541 45.41114807
-87.86427307 45.36866379
-87.91890717 45.33082199
-87.96040344 45.31035233
-88.06456757 45.25882721
-88.09756470 45.24246597
-88.17070007 45.21292877
-88.27420807 45.16326523
-88.27793884 45.16152191
-88.34786224 45.12886810
-88.38438415 45.11264038
-88.49173737 45.06481171
-88.50164032 45.06039047
-88.60599518 45.02599716
-88.67613983 45.00280380
-88.71838379 44.98476410
-88.82676697 44.93836975
-88.87455750 44.91785812
-88.90401459 44.87240219
-88.91517639 44.85515595
-88.95247650 44.78971863
-88.97822571 44.74444199
-89.00788879 44.70957947
-89.05651093 44.65233231
-89.08499146 44.64206696
-89.19731140 44.60148239
-89.22023010 44.59318161
-89.31008911 44.56166077
-89.35027313 44.54753876
-89.42923737 44.53464126
-89.47106934 44.52778625
-89.46286774 44.59975433
-89.46098328 44.61708832
-89.45164490 44.70296478
-89.45137787 44.70641708
-89.44489288 44.78887939
-89.44362640 44.79582977
-89.42742920 44.88467789
-89.42038727 44.92319107
-89.42514038 44.97384262
-89.42884827 45.01331329
-89.48907471 45.03968811
-89.54053497 45.06219864
-89.60601044 45.07009888
-89.65465546 45.07595062
-89.71589661 45.04229355
-89.73286438 45.03295136
-89.83264160 45.00905228
-89.87564087 44.99871826
-89.95624542 45.00683594
-90.03927612 45.01514816
-90.08222198 45.01367569
-90.20892334 45.00924301
-90.24206543 45.00806809
-90.33220673 44.99014282
-90.45330048 44.96593857
-90.57986450 44.95405579
-90.63421631 44.94891357
-90.70389557 44.93644333
-90.79131317 44.92073059
-90.82758331 44.91799545
-90.95349884 44.90843964
-90.96473694 44.90758514
-91.07289123 44.93400192
-91.17491150 44.98837662
-91.25553894 45.03123856
-91.27322388 45.04473496
-91.32509613 45.08427048
-91.34709930 45.11656189
-91.39847565 45.19182205
-91.40221405 45.19746017
-91.45608521 45.27880478
-91.47181702 45.30252457
-91.51340485 45.35898972
-91.54634094 45.40363312
-91.59482574 45.42358398
-91.62097931 45.43433762
-91.71148682 45.45983124
-91.74331665 45.46878052
-91.83303070 45.46165085
-91.94082642 45.40923309
-91.95956421 45.40010452
-92.02979279 45.34530640
-92.11508179 45.27854157
-92.11853790 45.27583694
-92.21812439 45.22587967
-92.24206543 45.21384811
-92.31582642 45.16843796
-92.38321686 45.12684631
-92.41256714 45.11017990
-92.51149750 45.05384064
-92.55655670 45.02811813
-92.61088562 44.99798584
-92.71015930 44.94279480
-92.76776886 44.92361450
-92.76867676 44.94655990
-92.79967499 44.99979019
-92.80484009 45.00864792
-92.79858398 45.06280517
-92.78882599 45.08781052
-92.76222992 45.15582657
-92.76313782 45.17510605
-92.76486206 45.21189499
-92.75542450 45.26452637
-92.75318146 45.27703476
-92.71386719 45.31554794
-92.70049286 45.34381867
-92.66772461 45.41297150
-92.68064117 45.42728043
-92.72451782 45.47586441
-92.74928284 45.50308609
-92.77722168 45.53378296
-92.80374909 45.57633972
-92.80712891 45.58290863
-92.84571075 45.65781403
-92.84976959 45.66762924
-92.88264466 45.74709320
-92.88537598 45.75395965
-92.90781402 45.81035614
-92.91866302 45.84074783
-92.94020844 45.90105057
-92.95322418 45.92723846
-92.98638916 45.99382400
-92.99668121 46.01183319
-93.03959656 46.08680725
-93.04393768 46.09545898
-93.07799530 46.16328430
-93.07723236 46.18130875
-93.07340241 46.27112579
-93.07118225 46.32294846
-93.08247375 46.36016083
-93.10308075 46.42797089
-93.10058594 46.44846344
-93.08964539 46.53800964
-93.07865143 46.62755203
-93.07479858 46.65886688
-93.08245087 46.71705627
-93.08832550 46.76166534
-93.09113312 46.80669022
-93.09672546 46.89646912
-93.09911346 46.93471909
-93.10664368 46.98602295
-93.11978149 47.07542801
-93.12106323 47.08415985
-93.11211395 47.16501618
-93.10215759 47.25460052
-93.10020447 47.27212524
-93.09937286 47.34439850
-93.09889221 47.38561249
-93.10610199 47.43400192
-93.11943054 47.52339935
-93.12261200 47.54468918
-93.13064575 47.61291504
-93.13716888 47.66828537
-93.13368988 47.70251083
-93.12456512 47.79214859
-93.11946869 47.84197235
-93.11745453 47.88185120
-93.11289215 47.97163773
-93.10957336 48.03667832
-93.10994720 48.06143951
-93.11129761 48.15128326
-93.11264038 48.24111938
-93.11273956 48.24782562
-93.11733246 48.33090210
-93.12230682 48.42068100
-93.12488556 48.46726227
-93.11921692 48.51032257
-93.10740662 48.59981155
-93.10372162 48.62818527
-93.09144592 48.62658691
-92.94692230 48.62836075
-92.94603729 48.61174774
-92.72900391 48.54021835
-92.64182281 48.54034805
-92.62638092 48.50282288
-92.69882202 48.49472046
-92.70664215 48.46037292
-92.66127014 48.43693161
-92.49752808 48.44007492
-92.45634460 48.40217209
-92.47332001 48.35749817
-92.37011719 48.22077942
-92.27691650 48.24433899
-92.30027771 48.29831695
-92.27613068 48.35232544
-92.12596130 48.36675644
-92.03517914 48.35551071
-91.97953034 48.25039673
-91.89761353 48.23522186
-91.85472870 48.21150970
-91.78881073 48.20614624
-91.71193695 48.19677353
-91.68986511 48.14502335
-91.70372772 48.11483765
-91.56877136 48.10445785
-91.57156372 48.04357910
-91.46355438 48.06956482
-91.40615845 48.04870224
-91.37355042 48.06619644
-91.23944855 48.08129883
-91.10579682 48.17186737
-91.02714539 48.19533920
-90.86449432 48.25420380
-90.83264923 48.18903351
-90.77707672 48.15221024
-90.78874207 48.12628937
-90.74337006 48.08844376
-90.56745148 48.12170792
-90.57446289 48.09584045
-90.55683136 48.09275055
-90.14527130 48.11277390
-90.02670288 48.08607865
-89.98702240 48.02356338
-89.92617035 48.01316071
-89.90038300 47.99251175
-89.86054993 47.99123764
-89.81072235 48.01807403
-89.74930572 48.02649307
-89.55008697 48.00193405
-89.52934265 48.00191879
-89.60065460 47.98521805
-89.62564087 47.99256897
-89.63637543 47.95939636
-89.67889404 47.96441269
-89.67549133 47.95290375
-89.78991699 47.89422226
-89.91510773 47.86627960
-89.99967957 47.82456207
-90.50963592 47.70994568
-90.75711823 47.61130142
-91.02146912 47.46105957
-91.11317444 47.40756226
-91.22357178 47.30602646
-91.46865845 47.12493515
-91.56861114 47.08305359
-91.62939453 47.02747726
-91.69706726 47.00207901
-91.80097198 46.92708588
-92.08849335 46.79190445
-92.09793091 46.76235580
-92.14282990 46.74176407
-92.14572143 46.72457886
-92.17794800 46.72548675
-92.20555115 46.70429611
-92.20178223 46.66078186
-92.30314636 46.66654205
-92.30884552 46.65771103
-92.28726959 46.65879059
-92.20915222 46.64687729
-92.16735840 46.69311142
-92.12885284 46.67367172
-92.16196442 46.70698166
-92.14769745 46.69808197
-92.12146759 46.73758316
-92.08412933 46.74839020
-92.00415802 46.68379974
-91.98222351 46.68144608
-92.00025940 46.70314026
-91.94906616 46.67975235
-91.78483582 46.69588852
-91.55577087 46.75685882
-91.40160370 46.78844833
-91.38012695 46.77910995
-91.18527222 46.88212967
-91.19376373 46.85128021
-91.16054535 46.84939194
-91.13452148 46.86989593
-91.11423492 46.85453415
-90.96945953 46.93693161
-90.92083740 46.93101883
-90.86298370 46.95960617
-90.82833862 46.95535660
-90.82922363 46.93331146
-90.78798676 46.93048859
-90.74929809 46.88724899
-90.77709198 46.88286209
-90.78336334 46.83003235
-90.87326050 46.75254059
-90.85076904 46.68946457
-90.90348053 46.64765930
-90.92659759 46.58506393
-90.78198242 46.62316894
-90.74021149 46.65198517
-90.68859100 46.65015412
-90.75689697 46.66008759
-90.70074463 46.66380310
-90.74440765 46.69918442
-90.65411377 46.64540100
-90.65583038 46.63025284
-90.63405609 46.63272858
-90.54087067 46.58752823
-90.49519348 46.58795929
-90.43865204 46.56130600
-90.40837097 46.56884765
-90.32041931 46.61387634
-90.28533173 46.60903931
-90.01886749 46.67863083
-89.88625336 46.76893616
-89.79124451 46.82471466
-89.65334320 46.83503342
-89.60623932 46.82360458
-89.38671875 46.85020828
-89.21459198 46.92338181
-89.12518311 46.99660492
-89.08470154 46.98501206
-89.02405548 47.00684738
-88.99487305 46.99710464
-88.92968750 47.03092957
-88.88483429 47.10455322
-88.82738495 47.12173462
-88.80243683 47.15008163
-88.75770569 47.15719986
-88.67156983 47.22286224
-88.62950134 47.22581863
-88.63765717 47.16384888
-88.61810303 47.13111877
-88.51121521 47.10651016
-88.51300049 47.03258896
-88.48904419 47.03287888
-88.44116211 46.99073791
-88.44638824 46.92811584
-88.47652435 46.85514832
-88.45631409 46.79122162
-88.48644257 46.77126312
-88.47137451 46.76014328
-88.38727570 46.83655929
-88.38275147 46.86864853
-88.34162903 46.86738205
-88.18791199 46.95550156
-88.13207245 46.95679092
-88.23154449 46.89853668
-88.29470062 46.82155228
-88.18030548 46.90447998
-88.07038116 46.92173767
-88.03668976 46.91186523
-87.82202148 46.89459991
-87.73916626 46.86510468
-87.72477722 46.83280182
-87.69709778 46.82647324
-87.67154694 46.83898544
-87.65566254 46.81399536
-87.58686066 46.78597259
-87.57846069 46.73309708
-87.46685791 46.63699341
-87.46942139 46.61823273
-87.39907837 46.58506775
-87.38098907 46.59258652
-87.38871002 46.53722763
-87.36210632 46.50242233
-87.30676269 46.50225067
