-69.65486908 43.98212814
-69.65236664 43.99432755
-69.61293030 44.03361893
-69.65856934 44.01687241
-69.72063446 43.93797684
-69.73614502 43.90631485
-69.76494598 43.89265060
-69.73319244 43.85197067
-69.74786377 43.81005096
-69.71783447 43.84372711
-69.70268249 43.83229065
-69.74278259 43.75929260
-69.76996613 43.76062012
-69.76392364 43.82743072
-69.78120422 43.81476211
-69.81399536 43.99406052
-69.79998016 44.02686691
-69.76675415 44.04773331
-69.77727509 44.07415009
-69.88403320 43.97208786
-69.88206482 43.95196915
-69.82804871 43.98264694
-69.81540680 43.87784576
-69.79692841 43.86859512
-69.80161285 43.78213883
-69.78385162 43.77200317
-69.80475616 43.75170517
-69.77503967 43.75030136
-69.80666351 43.74128342
-69.83280945 43.70747375
-69.85364532 43.70858383
-69.83944702 43.75462341
-69.86112213 43.75257111
-69.86891174 43.79155350
-69.86673737 43.80652618
-69.84442902 43.80810928
-69.84615326 43.84235001
-69.86370087 43.83560562
-69.85961914 43.87148666
-69.88665771 43.87597656
-69.90478516 43.87015534
-69.88775635 43.85777664
-69.89007568 43.79813767
-69.91001129 43.79374313
-69.90755463 43.83469009
-69.93124390 43.77798843
-69.94954681 43.77946472
-69.99389648 43.72612763
-69.95000458 43.81457138
-69.93393707 43.82866669
-69.92632294 43.81795120
-69.92395019 43.84704590
-69.93589020 43.85972214
-69.99161529 43.75431061
-70.01737976 43.73640823
-70.01039123 43.74758911
-70.03190613 43.74823380
-69.94837952 43.86329651
-69.99019623 43.85408401
-70.01705933 43.82891464
-69.98864746 43.86953735
-70.01704407 43.86173248
-70.05942535 43.82061386
-70.06517792 43.83081055
-70.09576416 43.81758881
-70.08720398 43.84513855
-70.10765839 43.80927658
-70.18412781 43.76912308
-70.21288299 43.70798111
-70.24005127 43.70920944
-70.23888397 43.66133881
-70.28207398 43.64707184
-70.25296784 43.63531494
-70.22679901 43.65097046
-70.19800568 43.62235260
-70.19219971 43.56752014
-70.25734711 43.55525970
-70.26548767 43.56824875
-70.30479431 43.53109360
-70.32477570 43.55898285
-70.34160614 43.53491211
-70.37291718 43.50930405
-70.37377167 43.46924591
-70.36867523 43.44633102
-70.32793427 43.45294952
-70.41856384 43.39715195
-70.45697022 43.34947205
-70.53894043 43.33572006
-70.58801269 43.26097488
-70.59184265 43.17094421
-70.61529541 43.16699982
-70.62554932 43.13722610
-70.64949799 43.13556671
-70.64600372 43.10407257
-70.67331696 43.07154846
-70.69730377 43.06851196
-70.73065948 43.10621262
-70.74391937 43.07787323
-70.81866455 43.12187195
-70.82739258 43.13225174
-70.88474274 43.12771225
-70.87463379 43.10153198
-70.90544891 43.08399200
-70.91801453 43.04385757
-70.88146210 43.06164932
-70.84876251 43.04948807
-70.85237122 43.10782242
-70.81330109 43.11097336
-70.74673462 43.07157135
-70.76106262 43.04689789
-70.71411896 43.04481888
-70.80481720 42.90146637
-70.82759094 42.90975189
-70.81387329 42.86706924
-70.81556702 42.81757355
-70.89219666 42.82350922
-70.84915924 42.79381943
-70.81226349 42.80793762
-70.77274322 42.70372009
-70.78430176 42.69672775
-70.81201172 42.74562073
-70.82472229 42.69998932
-70.73978424 42.67470169
-70.73374176 42.65726471
-70.77372742 42.66918182
-70.76206207 42.63842010
-70.73723602 42.63597870
-70.71320343 42.65629578
-70.68631744 42.64469910
-70.70000458 42.63231659
-70.67586517 42.62851715
-70.67891693 42.65588379
-70.62232208 42.67807770
-70.62029266 42.65573883
-70.59185791 42.65044785
-70.59349060 42.63002777
-70.61221313 42.62960815
-70.65512848 42.58023834
-70.66201019 42.60542679
-70.70864868 42.56840897
-70.81870270 42.54568481
-70.92150116 42.54452133
-70.86801910 42.52914810
-70.88910675 42.48918915
-70.85630035 42.51295090
-70.84127045 42.48757935
-70.89135742 42.45287323
-70.92910767 42.45695114
-70.93071747 42.42061996
-70.91075134 42.40832520
-70.94284820 42.41317749
-70.95075226 42.44564056
-70.96066284 42.43223572
-70.98822022 42.39878082
-70.95650482 42.34258652
-70.97943878 42.34357452
-71.00032043 42.37769699
-71.02001953 42.36724091
-70.99315643 42.34207535
-71.05232239 42.35252380
-71.01457977 42.33484268
-71.04554749 42.32191467
-71.03403473 42.28619766
-71.02101898 42.30044556
-71.01105499 42.30364609
-70.99568176 42.29804230
-71.02169800 42.28455353
-71.00263214 42.26638794
-70.95518494 42.27346420
-70.97289276 42.23706436
-70.96024323 42.22858810
-70.93869782 42.25353241
-70.92320252 42.23451614
-70.90184784 42.25947571
-70.89450073 42.24339294
-70.88148499 42.25717163
-70.86310577 42.25218201
-70.91422272 42.30204391
-70.88748932 42.30321884
-70.85985565 42.26937485
-70.82491303 42.26033783
-70.78641510 42.23439407
-70.77459717 42.24864578
-70.71851349 42.20178604
-70.73430634 42.15582275
-70.70836639 42.14107895
-70.70431519 42.16142654
-70.60058594 42.00241089
-70.63877869 41.99204636
-70.64369965 42.00535202
-70.62159729 42.01523209
-70.66142273 42.06125641
-70.67074585 42.00832367
-70.70661163 42.00788116
-70.70176697 41.99276352
-70.64453125 41.94948578
-70.64681244 41.97908020
-70.62265778 41.94209671
-70.58788300 41.94618225
-70.54122925 41.92812729
-70.53770447 41.80576324
-70.45769501 41.76224899
-70.50552368 41.73093414
-70.56255341 41.69349289
-70.59800720 41.67753601
-70.64324951 41.65714264
-70.65783691 41.65816116
-70.61894989 41.67395020
-70.63174438 41.68927765
-70.65863800 41.67998886
-70.62119293 41.70399094
-70.63401794 41.71886444
-70.61820984 41.73765945
-70.65486145 41.73348999
-70.64608765 41.71100235
-70.66714478 41.69519424
-70.65396881 41.71347809
-70.69423676 41.72087860
-70.70664978 41.74481583
-70.73529053 41.72465134
-70.71806335 41.67197418
-70.75167084 41.70326233
-70.74443054 41.67355347
-70.75794983 41.67389679
-70.77022553 41.63423157
-70.77991486 41.65082550
-70.81483459 41.65351486
-70.79933167 41.62950897
-70.83943176 41.62669373
-70.86761475 41.62800980
-70.86532593 41.58299255
-70.91311646 41.66953278
-70.92478943 41.64165497
-70.90850830 41.59266663
-70.92745209 41.60901642
-70.93799591 41.57838440
-70.95676422 41.59881210
-70.96519470 41.58856583
-70.93197632 41.54105377
-70.94818115 41.53500366
-70.96315765 41.52940750
-70.98905182 41.51973343
-71.01409149 41.51037216
-71.05109406 41.49650955
-71.05656433 41.49446106
-71.12238312 41.47459793
-71.19952393 41.45123672
-71.20447540 41.53314590
-71.21980286 41.53347778
-71.22332764 41.55307770
-71.19441986 41.60058594
-71.21317291 41.62324905
-71.19880676 41.67850494
-71.14331055 41.73781204
-71.19394684 41.70457840
-71.22290039 41.71928406
-71.22897339 41.70769882
-71.23976135 41.69739532
-71.25637817 41.71273422
-71.24424744 41.67705154
-71.25881195 41.65056992
-71.28507996 41.67065430
-71.30362701 41.65196991
-71.29331207 41.72160339
-71.30961609 41.70432281
-71.36340332 41.74390411
-71.38957977 41.80361557
-71.37969208 41.85383606
-71.40613556 41.80576706
-71.39364624 41.76055145
-71.39529419 41.73288345
-71.36456299 41.71545410
-71.36973572 41.69239426
-71.39344788 41.66653442
-71.41287231 41.69008636
-71.44631958 41.68349075
-71.41930389 41.65221405
-71.41790771 41.58665466
-71.45105743 41.57005692
-71.42751312 41.47514343
-71.48299408 41.36846924
-71.50019836 41.36374283
-71.51935577 41.37434387
-71.50240326 41.38626862
-71.51409912 41.41918945
-71.53593445 41.37284851
-71.59114075 41.36981201
-71.67130280 41.34383011
-71.72229767 41.32726669
-71.85873413 41.30692673
-71.89340973 41.31294632
-71.86618805 41.32339096
-71.89321137 41.34017944
-71.91733551 41.33149338
-71.97013092 41.34641266
-72.01400757 41.30942535
-72.02276611 41.32408524
-72.04757690 41.31175613
-72.04656219 41.32626724
-72.08306885 41.33362579
-72.09796905 41.39376450
-72.10765076 41.30675507
-72.17616272 41.30593491
-72.18677521 41.32151794
-72.21330261 41.28830338
-72.22634888 41.30437088
-72.32291412 41.28116226
-72.35619354 41.33279419
-72.36669922 41.29125977
-72.34550476 41.28236389
-72.36952972 41.27450180
-72.34767914 41.26786804
-72.38940430 41.26068878
-72.40119171 41.27989578
-72.44029236 41.28083038
-72.50254059 41.25706482
-72.52722931 41.26382828
-72.53386688 41.24925995
-72.56830597 41.26825714
-72.66123199 41.26699448
-72.68485260 41.24590683
-72.75046539 41.26653671
-72.80756378 41.25119400
-72.81774140 41.26354218
-72.86942291 41.24177551
-72.89735413 41.25291061
-72.88857269 41.30593109
-72.91622925 41.29708862
-73.00801849 41.20434952
-73.04641724 41.20963287
-73.04791260 41.18922043
-73.07233429 41.18894958
-73.10443115 41.16104508
-73.09905243 41.15193176
-73.14913940 41.14728165
-73.15188599 41.17271423
-73.17689514 41.17378616
-73.25623321 41.11663818
-73.27562714 41.12809753
-73.36242676 41.10678101
-73.46778870 41.04146957
-73.49572754 41.05337906
-73.51602936 41.02487564
-73.53546143 41.03356934
-73.55999756 41.00598145
-73.57947540 41.00559235
-73.56600189 41.01870346
-73.58855438 41.01469803
-73.59214783 41.02559662
-73.65314484 40.99837494
-73.67289734 40.94779587
-73.71243286 40.95061493
-73.71800995 40.92567444
-73.75695801 40.91577530
-73.77996063 40.88663101
-73.78508759 40.86638260
-73.80757904 40.86233139
-73.78688812 40.82071304
-73.79244232 40.81771851
-73.81694794 40.80449295
-73.85106659 40.78606033
-73.85907745 40.78173065
-73.87783051 40.77158737
-73.94462585 40.73311234
-73.96138763 40.72343826
-74.03710175 40.67968369
-74.03335571 40.68960190
-74.02952576 40.69973373
-74.00602722 40.76176834
-73.99403381 40.78157425
-73.97858429 40.80705643
-73.95323181 40.86219406
-73.94651795 40.87677002
-73.90213013 40.93957138
-73.89637756 40.94769287
-73.87566376 41.02307510
-73.87077331 41.04082489
-73.87653351 41.10866547
-73.87732696 41.11810684
-73.90447235 41.19226074
-73.90792084 41.20170212
-73.98923492 41.23185730
-74.00204468 41.22701645
-74.09156799 41.19317627
-74.09978485 41.18159103
-74.14183807 41.12215042
-74.14817810 41.10343552
-74.16950989 41.04040909
-74.17858124 41.02026367
-74.21533966 40.93842316
-74.26192474 40.85930633
-74.26639557 40.85169983
-74.31852722 40.78379059
-74.33624268 40.76065445
-74.40811157 40.73215866
-74.42775726 40.72435760
-74.50294495 40.72761154
-74.52344513 40.72581482
-74.58846283 40.72012329
-74.63951111 40.71029282
-74.67964172 40.70254898
-74.75197601 40.68397904
-74.79691315 40.67241287
-74.86186981 40.65245056
-74.89926147 40.64093399
-74.97361755 40.62494659
-75.02142334 40.61464310
-75.08041382 40.58964539
-75.14345551 40.56287384
-75.18450165 40.54931259
-75.26326752 40.52322769
-75.28908539 40.51008987
-75.37062836 40.46850967
-75.38125610 40.45746231
-75.44049072 40.39578629
-75.45425415 40.39166641
-75.52938080 40.36921310
-75.56288910 40.38003921
-75.60746765 40.39443970
-75.67018128 40.41599655
-75.67542267 40.41779709
-75.78016663 40.38884354
-75.80657959 40.43981171
-75.79536438 40.47084045
-75.78236389 40.50673294
-75.72381592 40.53106690
-75.69194031 40.54430771
-75.62022400 40.57236099
-75.59223938 40.58329010
-75.52405548 40.61843109
-75.45333862 40.67365265
-75.43648529 40.67727280
-75.33378601 40.69927597
-75.32297516 40.70135498
-75.24533081 40.71627045
-75.21006775 40.72653198
-75.12203979 40.75209045
-75.10533905 40.76418304
-75.05233765 40.80249405
-75.02938080 40.82958603
-74.97107697 40.89823151
-74.96712494 40.90299225
-74.92205811 40.95718765
-74.89706421 40.97114182
-74.85406494 40.99512100
-74.79585266 40.97470856
-74.76476288 40.91337204
-74.73807526 40.92131805
-74.66702271 40.94242859
-74.64962006 40.97008133
-74.61173248 41.03015518
-74.60139465 41.04881287
-74.56241608 41.11899185
-74.55802918 41.12903976
-74.52532196 41.20382690
-74.52331543 41.21145248
-74.50143433 41.29436112
-74.40071106 41.34378433
-74.39689636 41.34565735
-74.29727936 41.37086868
-74.28843689 41.37268448
-74.17355347 41.39624405
-74.14213562 41.40265656
-74.06641388 41.43320846
-74.01485443 41.45394897
-73.97700500 41.48783493
-73.94997406 41.51199722
-73.94505310 41.51637650
-73.88489532 41.58409500
-73.86827087 41.60277176
-73.79515839 41.63905716
-73.76992798 41.65155792
-73.68756103 41.67613602
-73.64212799 41.68966675
-73.62553406 41.69622421
-73.62483978 41.70022583
-73.60960388 41.78549957
-73.57407379 41.83787918
-73.57843780 41.86546326
-73.58832550 41.92796326
-73.58113098 41.95056152
-73.55741119 42.02493668
-73.55353546 42.03424454
-73.52378082 42.10549927
-73.52489471 42.11711884
-73.52949524 42.16538620
-73.54196930 42.20206833
-73.55033112 42.22669601
-73.57428741 42.27436447
-73.57277679 42.28453064
-73.56738281 42.32062531
-73.54720306 42.36824417
-73.53633881 42.39382553
-73.51379395 42.45092773
-73.49909973 42.48803711
-73.49530029 42.53546143
-73.49394989 42.55215836
-73.51605225 42.59313965
-73.51255798 42.61858749
-73.50046539 42.70604706
-73.46689606 42.73904419
-73.44628143 42.78012466
-73.42190552 42.82856369
-73.40014648 42.85958099
-73.36320496 42.91213226
-73.35874176 42.93932343
-73.35079956 42.98756409
-73.35205078 43.02507019
-73.35303497 43.05484390
-73.35996246 43.11098862
-73.36309052 43.13645935
-73.37073517 43.19681168
-73.37281036 43.21324158
-73.39126587 43.28173447
-73.39457703 43.29405975
-73.40837860 43.36708450
-73.41334534 43.39340973
-73.37403870 43.43323517
-73.35803223 43.43365097
-73.29753876 43.43522644
-73.23464203 43.43291855
-73.21169281 43.43207169
-73.18095398 43.47836304
-73.18592071 43.49705124
-73.19615936 43.53563309
-73.18689728 43.58206177
-73.17719269 43.63055038
-73.16638946 43.66689301
-73.14899445 43.72519684
-73.15044403 43.74628067
-73.15285492 43.78178406
-73.13079834 43.82994461
-73.12345886 43.84591675
-73.02593994 43.82994843
-73.00889587 43.82714844
-72.94722748 43.78731537
-72.93074799 43.79800797
-72.90248871 43.81633377
-72.91654968 43.83059692
-72.97354126 43.88842010
-72.98356628 43.90311432
-73.03056335 43.97195053
-73.03558350 43.98144913
-73.06647491 44.03997803
-73.07051086 44.06373596
-73.07769012 44.10610199
-73.08283997 44.14948273
-73.08776855 44.19116211
-73.07717133 44.23487091
-73.05745697 44.31584167
-73.05480194 44.31940079
-72.99645233 44.39747238
-72.95727539 44.47735596
-72.93450165 44.52363205
-72.91810608 44.55909347
-72.89128113 44.61692429
-72.87944031 44.64095688
-72.83913422 44.72246552
-72.82606506 44.74882507
-72.80746460 44.80564880
-72.77940369 44.89100647
-72.73470306 44.96995163
-72.71395874 45.00647736
-72.54723358 45.00537491
-72.34043121 45.00634384
-71.90186310 45.00734329
-71.69231415 45.01066589
-71.50537109 45.01335144
-71.50299835 45.05989456
-71.43040466 45.11698914
-71.43578339 45.14541626
-71.40251923 45.20280075
-71.44656372 45.23608780
-71.38637543 45.23493195
-71.29723358 45.29349518
-71.15309143 45.23797607
-71.08750916 45.30146790
-71.01992035 45.31964493
-71.00978851 45.34319305
-70.95938110 45.33886719
-70.87644196 45.22544479
-70.84287262 45.27813721
-70.81266022 45.35467529
-70.82912445 45.39072800
-70.79696655 45.42517090
-70.74954987 45.42495346
-70.68218994 45.38170624
-70.63492584 45.39196777
-70.64372253 45.42373657
-70.72145081 45.48143387
-70.71990204 45.51295090
-70.66683960 45.58575439
-70.55226898 45.66066361
-70.39638519 45.72204208
-70.41620636 45.79031372
-70.25395965 45.89900970
-70.25275421 45.90747070
-70.24745941 45.94462585
-70.31028748 45.96878815
-70.28002167 46.05315781
-70.30484772 46.06665802
-70.22931671 46.13743973
-70.28349304 46.19025040
-70.24640655 46.26486206
-70.19808197 46.29285812
-70.19105530 46.33484268
-70.04660797 46.42611694
-70.01414490 46.57059860
-69.98497009 46.69136810
-69.23020935 47.45273972
-69.13865662 47.45060730
-69.11332703 47.43083954
-69.04697418 47.42203522
-69.05383301 47.29616928
-69.03671265 47.25736999
-68.89486694 47.18226242
-68.72394562 47.24023819
-68.61018372 47.25010681
-68.57083130 47.28123474
-68.51467133 47.29696655
-68.39125061 47.28509903
-68.37789154 47.33151245
-68.33481598 47.35737228
-68.23080444 47.35214996
-67.96114349 47.19742966
-67.88004303 47.10732269
-67.79100036 47.06100082
-67.77535248 45.93674850
-67.74960327 45.91767883
-67.79438019 45.87342453
-67.75506592 45.82485580
-67.80305481 45.79450607
-67.80802917 45.76219177
-67.78598022 45.73918152
-67.80763244 45.71725845
-67.80343628 45.67811203
-67.75294495 45.65929413
-67.72068024 45.68300247
-67.66844177 45.62099457
-67.59793854 45.60558700
-67.50804901 45.58589172
-67.45928955 45.60416031
-67.42749786 45.58245468
-67.41295624 45.50522232
-67.44177246 45.49700165
-67.45617676 45.50961685
-67.50410461 45.48581314
-67.41774750 45.37077713
-67.47382355 45.26268005
-67.40905762 45.15559769
-67.34560394 45.12225723
-67.30814362 45.14053726
-67.28256989 45.18229675
-67.16589355 45.15626526
-67.11174011 45.08390808
-67.11319733 45.03820801
-67.09172821 45.03298187
-67.04496765 44.95962143
-67.06197357 44.95775223
-67.08052063 44.91569519
-67.10607910 44.94996262
-67.13773346 44.95021057
-67.12196350 44.92743683
-67.16557312 44.93699264
-67.12367249 44.91699600
-67.13391113 44.88640594
-67.19084167 44.91722488
-67.21452332 44.91293716
-67.16017151 44.86944962
-67.15664673 44.82168198
-67.13936615 44.81393814
-67.14764404 44.87200928
-67.12796021 44.87511826
-67.11708069 44.84893799
-67.09226227 44.85177994
-67.11178589 44.86284637
-67.09035492 44.86403274
-67.10246277 44.89074326
-67.06032562 44.86110687
-67.07080841 44.82825089
-67.05576325 44.83021164
-67.03479767 44.85200500
-67.05576325 44.90525818
-67.01307678 44.87466431
-67.01461029 44.85369492
-66.98827362 44.85872269
-66.98835754 44.82074738
-66.95722198 44.82231522
-67.02593994 44.77558517
-67.07180023 44.77476883
-67.07814026 44.74444580
-67.12100983 44.74116516
-67.10963440 44.71999741
-67.16452026 44.66793060
-67.21703339 44.65780258
-67.19910431 44.64408875
-67.22836304 44.64100265
-67.25200653 44.64905548
-67.24575043 44.66657639
-67.26779175 44.66494369
-67.26059723 44.63394546
-67.28426361 44.62233353
-67.30854034 44.66287994
-67.32958221 44.66484451
-67.30109406 44.70549011
-67.35733032 44.70326996
-67.35363770 44.68844986
-67.36919403 44.68739319
-67.38257599 44.71504211
-67.39766693 44.71213150
-67.40230560 44.68445969
-67.37959290 44.67327499
-67.36740112 44.62054443
-67.38990784 44.62714767
-67.40952301 44.59748840
-67.42420959 44.66450882
-67.44562531 44.66921616
-67.43733978 44.60891724
-67.49283600 44.61346054
-67.51166534 44.64500809
-67.53452301 44.61457062
-67.55057526 44.65512466
-67.55510712 44.62791443
-67.59228516 44.62238693
-67.56011200 44.59569168
-67.56327057 44.54236221
-67.58293152 44.53142929
-67.63973999 44.52820969
-67.62433624 44.55535507
-67.66334534 44.57092667
-67.71280670 44.50196838
-67.72718048 44.52001190
-67.74266052 44.49834442
-67.73545074 44.52771378
-67.75627136 44.54559708
-67.73590851 44.60589218
-67.75598907 44.59723282
-67.78684235 44.52737808
-67.80313110 44.53178787
-67.78302002 44.61083603
-67.80458069 44.57207489
-67.82119751 44.58701324
-67.84686279 44.58042908
-67.81523895 44.55382919
-67.84407806 44.56156158
-67.85087585 44.53628540
-67.88037109 44.53672791
-67.85192871 44.48241425
-67.89225769 44.48335648
-67.90142059 44.39604950
-67.91792297 44.45483017
-67.90206146 44.46004486
-67.90396881 44.49576950
-67.93256378 44.47742462
-67.93695831 44.41411972
-67.97678375 44.47075272
-67.96342468 44.50532913
-67.98552704 44.50221252
-67.98638153 44.48534393
-67.99850464 44.46442413
-68.02475739 44.48661804
-68.02169800 44.46317673
-68.00981903 44.44528580
-67.98284149 44.44589615
-67.95691681 44.40589142
-67.98754120 44.38580704
-67.99927521 44.41237640
-68.01527405 44.40533066
-68.01495361 44.36557388
-68.03281403 44.36637497
-68.05282593 44.33530045
-68.06813049 44.38714218
-68.08659363 44.37380218
-68.10375214 44.40470886
-68.11336517 44.46360397
-68.09947205 44.46847534
-68.15422058 44.50286484
-68.15466309 44.47547531
-68.18669891 44.47596359
-68.19264221 44.51870728
-68.21866608 44.52212143
-68.22412109 44.46570969
-68.26065063 44.51890945
-68.28916931 44.51556396
-68.31671143 44.53136444
-68.31769562 44.50445175
-68.28216553 44.49973297
-68.26728058 44.47853470
-68.28237915 44.46685028
-68.26570892 44.45928192
-68.33621979 44.45179367
-68.34741211 44.49429321
-68.35716248 44.43898010
-68.38597870 44.43151855
-68.37953186 44.40887070
-68.41419220 44.40028381
-68.42468262 44.49846268
-68.43648529 44.48753738
-68.48258972 44.49630356
-68.45154572 44.45253754
-68.46059418 44.38121414
-68.47352600 44.45025253
-68.52364349 44.40117264
-68.57382965 44.40642548
-68.54305267 44.35904694
-68.56018066 44.32915497
-68.54844665 44.29214859
-68.52869415 44.29910278
-68.51470184 44.26656342
-68.54919434 44.27483368
-68.55202484 44.26353073
-68.51435089 44.23139572
-68.57208252 44.25248337
-68.61927033 44.28590012
-68.61447906 44.29803467
-68.68740082 44.29777145
-68.73124695 44.34243011
-68.75403595 44.34561157
-68.77184296 44.32211685
-68.81739044 44.31202698
-68.81999969 44.35321808
-68.79617310 44.38014221
-68.75911713 44.36270523
-68.77370453 44.38930511
-68.75023651 44.41942978
-68.66098022 44.37341690
-68.71987152 44.42279434
-68.70079803 44.45354843
-68.72390747 44.46953583
-68.73203278 44.43926239
-68.76755524 44.42741775
-68.78682709 44.39347076
-68.82142639 44.38477325
-68.81641388 44.42521668
-68.78180695 44.45035171
-68.76573944 44.48792267
-68.82504272 44.47562790
-68.80886841 44.46510696
-68.84536743 44.44871521
-68.85145569 44.47014236
-68.87167358 44.46743393
-68.91683197 44.45282745
-68.94100189 44.42955017
-68.97641754 44.43022919
-68.98106384 44.42788315
-68.98921967 44.42376709
-68.98461914 44.39421844
-68.94824982 44.36682129
-68.94881439 44.33351898
-68.97064972 44.29782867
-68.99699402 44.29608154
-69.02147675 44.24408722
-69.08642578 44.13832855
-69.07128143 44.12727356
-69.09616852 44.10948944
-69.09770966 44.08810425
-69.04903412 44.09131241
-69.03959656 44.08092499
-69.07566071 44.05809021
-69.07089996 44.04468155
-69.10311890 44.03948975
-69.13346100 44.06934357
-69.11289978 44.02753067
-69.12101746 44.00320053
-69.19530487 43.99679184
-69.21068573 43.95903397
-69.19409943 43.95980453
-69.25719452 43.92148590
-69.27718353 43.95412826
-69.20421600 44.00577927
-69.16558838 44.07462692
-69.21486664 44.02623749
-69.24539185 44.01775360
-69.26180267 43.98322296
-69.28306580 43.98854065
-69.28431702 43.96121979
-69.31177521 43.94121933
-69.29286957 43.99390793
-69.36111450 43.97305298
-69.34644318 44.01597595
-69.37040710 44.02354813
-69.34248352 44.04080963
-69.34570312 44.06829071
-69.38242340 44.08097839
-69.37123108 44.03953934
-69.38397980 44.02994919
-69.38252258 44.05133438
-69.40393829 44.03611374
-69.40197754 43.99910355
-69.41577911 43.98316574
-69.42704773 43.99541092
-69.46291351 43.94420242
-69.49126434 43.85215378
-69.51309967 43.83876419
-69.52397919 43.87606049
-69.50581360 43.88182831
-69.51264191 43.89391327
-69.53566742 43.88192749
-69.54145813 43.90993500
-69.55010223 43.83591080
-69.57709503 43.89327240
-69.58975983 43.81170654
-69.60308838 43.81169510
-69.59219360 43.86239243
-69.61791992 43.82768631
-69.66561890 43.86618805
-69.68661499 43.86550522
-69.66140747 43.88246155
-69.65312195 43.92276764
-69.62208557 43.91125870
-69.61958313 43.93032456
-69.66346741 43.93997574
-69.65486908 43.98212814
