-111.59671020 39.76287842
-111.61043550 39.74266052
-111.64697270 39.68311310
-111.66963200 39.64614868
-111.69411470 39.60229874
-111.72119900 39.55375672
-111.74043270 39.52123260
-111.77503970 39.46266556
-111.78817750 39.44066620
-111.82740780 39.37492752
-111.83723450 39.36061478
-111.89093780 39.28231049
-111.92770390 39.22863007
-111.94599910 39.20462418
-111.97330470 39.16876602
-112.01218410 39.13250733
-112.06018830 39.08771134
-112.08555600 39.06426621
-112.15912630 38.99619675
-112.20777130 38.95112228
-112.23264310 38.92815781
-112.28577420 38.87905121
-112.30867770 38.86195373
-112.35018920 38.83096695
-112.37667850 38.79211044
-112.40367130 38.75249481
-112.41991420 38.71083069
-112.43955230 38.66043472
-112.45505520 38.62691116
-112.47472380 38.58436203
-112.49113460 38.54324722
-112.52474210 38.45898438
-112.52819820 38.45030212
-112.55752560 38.37454224
-112.56123350 38.36497879
-112.59936520 38.29257202
-112.61960600 38.25410461
-112.63648990 38.20936203
-112.63789370 38.20565033
-112.68041990 38.12807846
-112.68947600 38.11155319
-112.73895260 38.05273438
-112.74504850 38.04548264
-112.76826480 38.00114060
-112.78897090 37.97391129
-112.84666440 37.89801025
-112.86082460 37.87936783
-112.90318300 37.82162476
-112.90982820 37.81255722
-112.96054080 37.74564743
-112.96868130 37.73490524
-113.03373720 37.67867661
-113.06855770 37.64855194
-113.10127260 37.60838318
-113.14103700 37.55951309
-113.15732570 37.53214264
-113.19025420 37.47677612
-113.20149990 37.45129394
-113.23818210 37.36813736
-113.25419620 37.33180618
-113.25466160 37.28233719
-113.25521850 37.22550201
-113.25867460 37.19459152
-113.26622010 37.12735748
-113.27529140 37.10824204
-113.30035400 37.05542374
-113.30237580 37.05117416
-113.37963870 36.99370575
-113.45601650 36.93680954
-113.46196750 36.93410110
-113.55562590 36.89149856
-113.55843350 36.88932419
-113.63823700 36.82757950
-113.67505650 36.79905701
-113.71479030 36.76350403
-113.76290890 36.72042465
-113.78433230 36.69493103
-113.83966830 36.62906647
-113.84323120 36.62063980
-113.87844090 36.53739929
-113.89653780 36.49458695
-113.90522770 36.45256424
-113.91304020 36.41478348
-113.92779540 36.36677551
-113.95161440 36.28922272
-113.95285800 36.28140640
-113.96665190 36.19444656
-113.97342680 36.15179062
-113.97793580 36.10729599
-113.97882840 36.09854126
-113.98416140 36.04596710
-113.99293520 36.01177979
-114.00897220 35.94925690
-114.01026920 35.92545700
-114.01374820 35.86167908
-113.99312590 35.84443664
-113.93282320 35.79391480
-113.91085050 35.78920746
-113.83418270 35.77276993
-113.80464170 35.76498413
-113.72389980 35.74364853
-113.70387270 35.73126984
-113.65477750 35.70091629
-113.63256070 35.66698074
-113.60444640 35.62397766
-113.58903500 35.58675003
-113.58399960 35.57458496
-113.51578520 35.53479767
-113.50698090 35.53194046
-113.40496060 35.49881744
-113.39179230 35.49453735
-113.32049560 35.46768570
-113.30477910 35.46244431
-113.22217560 35.43487930
-113.21259310 35.42039871
-113.17314910 35.36070633
-113.15670780 35.34525681
-113.09941100 35.29133606
-113.08825680 35.27680969
-113.05088810 35.22810745
-113.02882390 35.20306015
-113.00716400 35.17845917
-112.96416470 35.13215256
-112.93643950 35.10224914
-112.88149260 35.07739258
-112.83856960 35.05794525
-112.77854920 35.06266785
-112.74310300 35.06544876
-112.67384340 35.08646774
-112.64411930 35.09548187
-112.56816100 35.08167648
-112.53131870 35.07496261
-112.46966550 35.04542923
-112.45286560 35.03736878
-112.37664030 34.99903107
-112.36973570 34.99555206
-112.27544400 34.96574783
-112.25836180 34.96033859
-112.16955570 34.94403076
-112.12953950 34.93666458
-112.06127170 34.93326950
-112.01004790 34.93070602
-111.95230870 34.92537689
-111.89163970 34.91975021
-111.85025020 34.89964676
-111.80287930 34.87660599
-111.77032470 34.84188461
-111.71485140 34.78260803
-111.70800780 34.76990509
-111.66453550 34.68904877
-111.65562440 34.67245102
-111.63241580 34.60494232
-111.62685390 34.58874512
-111.58119200 34.53078461
-111.57828520 34.52966690
-111.49911500 34.49924850
-111.47821810 34.49620819
-111.37108610 34.48057938
-111.34823610 34.47723389
-111.26439670 34.46319198
-111.22512820 34.45659638
-111.15917970 34.44098282
-111.11692810 34.43095779
-111.05744930 34.41020203
-111.01078030 34.39388657
-110.96228790 34.36819077
-110.92697140 34.34945297
-110.87183380 34.31927109
-110.82366180 34.29285812
-110.77649690 34.27820206
-110.69598390 34.25312805
-110.67454530 34.24799347
-110.57812500 34.22486877
-110.57022090 34.22380447
-110.46317290 34.20938110
-110.42851260 34.20468903
-110.35559080 34.19818878
-110.30780790 34.19390869
-110.24790190 34.18754578
-110.18881230 34.18124390
-110.14060970 34.17467880
-110.09717560 34.16875076
-110.03337100 34.16155624
-109.94444270 34.15147018
-109.92584990 34.15029526
-109.86994170 34.14675522
-109.84017940 34.14485550
-109.76380920 34.12980652
-109.73976900 34.12505722
-109.66477200 34.09479523
-109.62368010 34.07818604
-109.57891080 34.04251480
-109.55298610 34.02184296
-109.49684910 33.98485184
-109.48403170 33.97639465
-109.40363310 33.94021225
-109.39455410 33.93612290
-109.30512240 33.90373230
-109.20629120 33.86782074
-109.20194240 33.86624146
-109.11268620 33.82356644
-109.09160610 33.81347275
-109.01536560 33.78532028
-108.98936460 33.77570725
-108.92423250 33.75335693
-108.91538240 33.75335693
-108.84097290 33.75337219
-108.80767060 33.75653839
-108.71865080 33.76495743
-108.70293430 33.77276230
-108.63162230 33.80811691
-108.61009220 33.81818390
-108.51612850 33.86209869
-108.50411220 33.86770249
-108.42947390 33.91512680
-108.38983920 33.94027710
-108.33411410 33.95385742
-108.24329380 33.97594452
-108.23028560 33.97893524
-108.12602230 34.00284577
-108.09451290 34.01005554
-108.03977970 34.00699997
-108.01968380 34.01104736
-107.91449740 34.03217697
-107.89792630 34.03549957
-107.80719760 34.04346466
-107.77510070 34.04627228
-107.70455930 34.06963348
-107.65774540 34.08511352
-107.60400390 34.10285568
-107.54027560 34.12386322
-107.50531010 34.13941193
-107.42062380 34.17702866
-107.41256710 34.18456268
-107.34088900 34.25151443
-107.32128140 34.26980972
-107.28582760 34.32771301
-107.26781460 34.35711670
-107.24533840 34.41028595
-107.22102360 34.46775437
-107.21447750 34.49560547
-107.19541170 34.57662964
-107.19262700 34.58290481
-107.15547940 34.66676712
-107.14190670 34.69738007
-107.12808990 34.75288773
-107.12489320 34.76571655
-107.09552760 34.83796311
-107.08132170 34.87289810
-107.06637570 34.92387009
-107.05786130 34.95291901
-107.02451320 35.00569534
-107.00366210 35.03866577
-106.96376040 35.07946777
-106.94434360 35.09930801
-106.89981080 35.15193558
-106.89797970 35.15409851
-106.86713410 35.22355652
-106.86252590 35.23578262
-106.83740230 35.30249023
-106.83647160 35.32197189
-106.83299260 35.39531708
-106.83335880 35.41117096
-106.83486180 35.47487259
-106.83379360 35.50040436
-106.83121490 35.56240463
-106.83086400 35.57085800
-106.78383640 35.63845062
-106.78449250 35.64166260
-106.79048160 35.67081070
-106.75664520 35.65600205
-106.72705080 35.64303589
-106.65712740 35.66864777
-106.62669370 35.67978287
-106.57608030 35.70295334
-106.56174470 35.69298172
-106.48760990 35.64135742
-106.47612000 35.64554215
-106.38145450 35.67996216
-106.37493130 35.68106461
-106.31163790 35.69175339
-106.26618190 35.69644928
-106.25105290 35.69800949
-106.15706630 35.71049500
-106.13806150 35.71300888
-106.05945590 35.73489762
-106.05206300 35.73764420
-105.96261600 35.77086258
-105.95268250 35.76521301
-105.90554810 35.73839569
-105.90505220 35.69560242
-105.90486910 35.67940521
-105.91363530 35.63407516
-105.90811160 35.60710907
-105.89627080 35.54919434
-105.79245760 35.52143478
-105.78852840 35.52038193
-105.71893310 35.53340530
-105.68486790 35.53875732
-105.66267390 35.54224396
-105.60282900 35.51779556
-105.58963010 35.50491333
-105.54340360 35.45977020
-105.51200870 35.44258881
-105.45557400 35.41167450
-105.41458130 35.41929245
-105.46235660 35.38247299
-105.49346920 35.35688782
-105.53660580 35.32138824
-105.57518010 35.29730225
-105.62882230 35.26377487
-105.63142390 35.22941971
-105.63454440 35.18835831
-105.62181090 35.14117050
-105.59829710 35.05379486
-105.59574130 35.04429245
-105.57116700 34.96713638
-105.54608920 34.88819885
-105.54599760 34.88029480
-105.54489900 34.79083252
-105.54401400 34.71758270
-105.54565430 34.70142365
-105.55470280 34.61226273
-105.55755620 34.58417130
-105.58101650 34.52599335
-105.60719300 34.46100617
-105.61510470 34.44102478
-105.63188170 34.39862823
-105.63450620 34.35380936
-105.63975520 34.26446152
-105.64034270 34.25442505
-105.60610200 34.18020630
-105.59543610 34.15705109
-105.55381010 34.10224533
-105.51491550 34.05095291
-105.49449920 34.02742767
-105.43396760 33.95758438
-105.43148800 33.95469284
-105.36891940 33.88171005
-105.34222410 33.85052109
-105.31320950 33.80524445
-105.26485440 33.72963715
-105.26316070 33.72597885
-105.22453310 33.64240646
-105.19191740 33.57168961
-105.18573000 33.55890274
-105.14559940 33.47583389
-105.12020870 33.42317963
-105.11171720 33.39116287
-105.08858490 33.30373764
-105.07579040 33.25528717
-105.06850430 33.21582413
-105.05281070 33.13067245
-105.05218510 33.12732697
-105.03565220 33.03885269
-105.02659610 32.99029922
-105.02091220 32.95017624
-105.00833890 32.86125183
-105.00534060 32.84002304
-104.98111720 32.77495193
-104.96009830 32.71839905
-104.95401000 32.68851852
-104.93605040 32.60023880
-104.92292790 32.53557968
-104.91989900 32.51174545
-104.90858460 32.42268753
-104.90443420 32.38988113
-104.89627840 32.33372498
-104.88341520 32.24481583
-104.88060000 32.22535324
-104.86689000 32.15635681
-104.84937290 32.06801605
-104.84712220 32.05663681
-104.83213810 31.99211311
-104.82543950 31.98122597
-104.77731320 31.90289307
-104.70896910 31.83290672
-104.66995240 31.79287338
-104.63854980 31.76627731
-104.56391140 31.70294189
-104.55037690 31.69144630
-104.51353450 31.62510490
-104.46861270 31.54404068
-104.45348360 31.51670837
-104.40787510 31.47174454
-104.33915710 31.40387344
-104.27860260 31.33060646
-104.22957610 31.27082634
-104.21848300 31.25708771
-104.15894320 31.18324471
-104.14874270 31.17057419
-104.11995700 31.13479233
-104.08246610 31.10146904
-104.01174160 31.03849792
-103.94027710 30.98166466
-103.93194580 30.97704124
-103.84412380 30.92825508
-103.75932310 30.88102722
-103.75615690 30.87975502
-103.66146850 30.84170342
-103.63258360 30.83007240
-103.56191250 30.81577301
-103.51668550 30.80659866
-103.41501620 30.78590393
-103.40560150 30.78398323
-103.32001500 30.74897957
-103.26956940 30.72830773
-103.22487640 30.71203422
-103.14556120 30.68309975
-103.12889100 30.67675972
-103.05587770 30.64895439
-103.03326420 30.64085388
-102.94925690 30.61072350
-102.93811800 30.60446167
-102.85082240 30.55535126
-102.81253050 30.53377533
-102.77468110 30.49535370
-102.72354890 30.44336891
-102.70864870 30.42592811
-102.64984130 30.35702324
-102.64736180 30.35332870
-102.59526060 30.27555084
-102.57279970 30.24198341
-102.54004670 30.19946480
-102.49886320 30.14594459
-102.48555760 30.12310410
-102.44161990 30.04756355
-102.43874360 30.04288483
-102.38996120 29.96355820
-102.37064360 29.93210793
-102.34587100 29.88228035
-102.33913420 29.86872673
-102.36798100 29.84548378
-102.37805940 29.79349709
-102.39157870 29.78816223
-102.38521580 29.76814270
-102.50352480 29.78565025
-102.52485660 29.77828598
-102.51854710 29.76102066
-102.55237580 29.74969483
-102.57691960 29.77844239
-102.59236910 29.75104142
-102.61763760 29.75227165
-102.63803860 29.73253250
-102.67678830 29.74441910
-102.70339200 29.67364693
-102.73923490 29.64570999
-102.74623110 29.60336304
-102.76447300 29.59969330
-102.77817540 29.55441856
-102.80516050 29.53034210
-102.82263950 29.41204452
-102.85436250 29.35984611
-102.88344570 29.35357285
-102.90876010 29.26940727
-102.89926150 29.25177002
-102.87142940 29.24792480
-102.86660770 29.22924041
-102.89131160 29.21849060
-102.90731050 29.22769737
-102.95030980 29.18798828
-102.98854070 29.19106865
-103.03784180 29.11075974
-103.07874300 29.10225677
-103.10367580 29.02901649
-103.15390780 28.97889328
-103.22545620 28.99697685
-103.24909210 28.98846245
-103.26703640 29.00766373
-103.28079990 28.98658371
-103.28946690 29.00835800
-103.31793980 29.01666832
-103.30661770 29.03354264
-103.33773040 29.02937126
-103.32464600 29.04125214
-103.33596800 29.05054474
-103.37590030 29.03231430
-103.45276640 29.07579231
-103.47452550 29.07233811
-103.47995760 29.10246277
-103.52368930 29.12491417
-103.52669520 29.14684868
-103.61975860 29.17406654
-103.64900210 29.16206741
-103.66230010 29.17951774
-103.72077940 29.19083214
-103.74031830 29.23054886
-103.76068120 29.24177551
-103.78262330 29.22999573
-103.76822660 29.28143883
-103.78746030 29.26745796
-104.04610440 29.32831383
-104.16485600 29.40090561
-104.18295290 29.43783379
-104.21318820 29.45547486
-104.20521550 29.48423004
-104.31352230 29.54053497
-104.33232120 29.52877617
-104.37807460 29.55079651
-104.53572850 29.67964363
-104.52916720 29.69413567
-104.57804110 29.80810738
-104.60993190 29.83243943
-104.62271880 29.87270355
-104.67485050 29.90944863
-104.66917420 29.95828247
-104.68852230 29.98312187
-104.69697570 30.05746269
-104.67523960 30.14912224
-104.70309450 30.23864174
-104.75773620 30.27751351
-104.75977330 30.30353356
-104.81444550 30.35062027
-104.80696110 30.37659455
-104.85349270 30.39241409
-104.83963010 30.41821098
-104.86384580 30.44187164
-104.86209110 30.49277878
-104.89116670 30.57070160
-104.91856380 30.60198593
-104.97129820 30.61244011
-104.98742680 30.64146805
-104.99803920 30.68447495
-105.06105800 30.68801308
-105.11618810 30.75230027
-105.14884190 30.75490380
-105.19280240 30.79266548
-105.21497340 30.78933334
-105.21484380 30.81222534
-105.25868990 30.79779053
-105.28810120 30.83208847
-105.31429290 30.81664467
-105.31586460 30.83258820
-105.39082340 30.85321808
-105.38698580 30.87583160
-105.40957640 30.90264511
-105.55490110 30.99842072
-105.60372930 31.08655930
-105.77024840 31.17090797
-105.85813140 31.27519035
-105.91559600 31.32018089
-105.94049070 31.32297325
-105.95717620 31.36736298
-105.99888610 31.39393997
-106.09038540 31.41047478
-106.21328740 31.47824859
-106.24270630 31.54566383
-106.28124240 31.57048416
-106.38358310 31.73387337
-106.43881990 31.77002907
-106.49062350 31.74966621
-106.53951260 31.78660011
-107.28356170 31.78481674
-108.20325470 31.78690338
-108.20867920 31.34385300
-109.04561610 31.34345436
-110.45257570 31.33765984
-110.60889430 31.33747292
-111.07196810 31.33563423
-111.36951450 31.43153191
-113.32908630 32.03167725
-114.05430600 32.25613785
-114.82176210 32.48717499
-114.80465700 32.52136612
-114.81711580 32.53533554
-114.79782870 32.54727554
-114.80939480 32.61604691
-114.77414700 32.63381577
-114.72204590 32.72085953
-115.90903470 32.63501358
-115.95542910 32.67332458
-115.99356080 32.70476150
-116.03198240 32.73357773
-116.11041260 32.79227448
-116.18896480 32.85089111
-116.19284820 32.85378647
-116.26696010 32.91001511
-116.34504700 32.96909332
-116.39141080 33.00408554
-116.41829680 33.03179169
-116.44613650 33.06044769
-116.42893980 33.13467789
-116.41664120 33.13977814
-116.32114410 33.17934036
-116.26198580 33.20381546
-116.22264860 33.21283722
-116.11936190 33.23647690
-116.08265690 33.24486542
-116.08259580 33.30081940
-116.08253480 33.38761902
-116.08252720 33.40797806
-116.13262940 33.46059799
-116.19818880 33.52928925
-116.21070100 33.54238129
-116.27627560 33.58851624
-116.32260890 33.62105560
-116.35966490 33.64318848
-116.42932890 33.68472672
-116.44519040 33.69577026
-116.49948120 33.73353958
-116.52498630 33.75389481
-116.56701660 33.78740692
-116.57279970 33.82616043
-116.57708740 33.85482788
-116.56503300 33.91157532
-116.48009490 33.93410873
-116.46105190 33.93394089
-116.38372040 33.93325043
-116.35301970 33.93116379
-116.25610350 33.92453384
-116.24524690 33.92425156
-116.14163970 33.92153931
-116.13716890 33.92140198
-116.04682920 33.91861725
-116.02931980 33.91642761
-115.92252350 33.90301132
-115.83601380 33.89687729
-115.81692500 33.90442657
-115.76589200 33.92461014
-115.76332090 33.93424988
-115.75106810 33.98022461
-115.78570560 34.00883102
-115.79940800 34.02014542
-115.87404630 34.05834961
-115.93956760 34.09180832
-115.96653750 34.10334015
-116.06212620 34.14414215
-116.08358000 34.15328216
-116.16165920 34.17821503
-116.18350980 34.18518067
-116.26383210 34.20714951
-116.34555820 34.22942734
-116.36730190 34.23264694
-116.47400670 34.24837494
-116.51710510 34.25469971
-116.58135990 34.26082992
-116.64219670 34.26660156
-116.68844600 34.27443695
-116.79464720 34.29235458
-116.83965300 34.29991150
-116.89648440 34.32074356
-116.95027920 34.34042358
-116.99433900 34.35816956
-117.04241180 34.37750626
-117.09720610 34.37655258
-117.15260310 34.37556457
-117.20571900 34.37179947
-117.29243470 34.36561203
-117.31407170 34.36656189
-117.42261510 34.37126160
-117.46035770 34.37287903
-117.52707670 34.39184189
-117.55843350 34.40074158
-117.62414550 34.43000793
-117.69474790 34.46138763
-117.72106930 34.46840668
-117.82418820 34.49583435
-117.87992860 34.51061249
-117.92645260 34.52513885
-117.98790740 34.54428482
-118.02960210 34.55192184
-118.13571170 34.57128525
-118.14430240 34.57284927
-118.23956300 34.59709167
-118.34033200 34.62262726
-118.44652560 34.65087891
-118.50525670 34.66645431
-118.54380800 34.68766022
-118.59415440 34.71531296
-118.63073730 34.73933411
-118.67182920 34.76626968
-118.61426540 34.81818390
-118.60113530 34.83197784
-118.54297640 34.89302444
-118.53271480 34.89872742
-118.44316860 34.94844437
-118.40427400 34.97002411
-118.35271450 34.99718857
-118.27669530 35.03720474
-118.26238250 35.04610062
-118.17623900 35.09962082
-118.15176390 35.11481857
-118.10793300 35.15245056
-118.07217410 35.18313217
-118.05123900 35.22474289
-118.01611330 35.29447556
-118.01911930 35.30557251
-118.04196170 35.38990021
-118.04737850 35.40987778
-118.05686950 35.47526169
-118.06116490 35.50474549
-118.02651980 35.55450058
-117.99180600 35.60433197
-117.97383880 35.63044739
-117.92145540 35.70656586
-117.91970830 35.70909882
-117.88130950 35.78708267
-117.86913300 35.81181336
-117.87187190 35.87165833
-117.87565610 35.95354843
-117.87793730 35.95757675
-117.92269130 36.03649139
-117.92682650 36.04376984
-117.94804380 36.12034988
-117.97135930 36.20419693
-118.00767520 36.28627777
-118.04389190 36.36784363
-118.05420680 36.39104080
-118.07919310 36.44964981
-118.10856630 36.51836395
-118.11192320 36.53200912
-118.13284300 36.61676407
-118.14841460 36.67959976
-118.15740970 36.70079422
-118.19226070 36.78274536
-118.19882970 36.79816055
-118.20748140 36.86790848
-118.21739960 36.94741058
-118.21942140 36.95364761
-118.24658200 37.03735352
-118.25701900 37.06942368
-118.28466800 37.11818695
-118.32931520 37.19671631
-118.38877870 37.27053833
-118.44801330 37.34383011
-118.47271730 37.37433243
-118.51129910 37.41506195
-118.56338500 37.46992111
-118.57490540 37.48606110
-118.62900540 37.56167603
-118.64222720 37.58013153
-118.70485690 37.62439728
-118.74526980 37.65290832
-118.80134580 37.66439438
-118.85157780 37.67465973
-118.90371700 37.69902420
-118.90738680 37.70074081
-118.96703340 37.76998520
-118.99179840 37.79867554
-119.02377320 37.84434509
-119.06317900 37.90050888
-119.07643890 37.92052841
-119.12742610 37.99737167
-119.13857270 38.01413727
-119.15538020 38.08019257
-119.17697140 38.16468430
-119.18153380 38.18250275
-119.14788820 38.24563599
-119.12383270 38.29073715
-119.12835690 38.32815170
-119.13877110 38.41390610
-119.14310460 38.44939804
-119.18379970 38.48441315
-119.18859100 38.48590851
-119.27268220 38.51206207
-119.29589080 38.51485443
-119.39098360 38.52627564
-119.39471440 38.53971863
-119.41513060 38.61312103
-119.42065430 38.62332916
-119.46380620 38.70297241
-119.47403720 38.72181320
-119.53430180 38.76942062
-119.58850860 38.81214523
-119.60507200 38.83614731
-119.65785220 38.91246796
-119.67041780 38.93059540
-119.69174960 38.99414444
-119.71984860 39.07749176
-119.72426610 39.09059143
-119.74092100 39.16196823
-119.76076510 39.24664688
-119.76204680 39.25209808
-119.73448180 39.33001327
-119.72076420 39.36879730
-119.73007200 39.41423035
-119.74320220 39.47810364
-119.76160430 39.49454498
-119.83573150 39.56062698
-119.84517670 39.56903076
-119.92004390 39.61956405
-119.95438380 39.64268875
-119.97966770 39.69072723
-120.02191930 39.77074432
-120.02463530 39.77588654
-120.05397800 39.85329437
-120.08545680 39.93599701
-120.15023800 40.00739289
-120.16354370 40.02200699
-120.23058320 40.06928253
-120.27053830 40.09739685
-120.32604980 40.11706162
-120.39961240 40.14307404
-120.42721560 40.15935898
-120.48788450 40.19509888
-120.51205440 40.21772766
-120.58432010 40.28520966
-120.58686070 40.28758621
-120.69082640 40.32047653
-120.72466280 40.33116150
-120.80530550 40.33395386
-120.87231450 40.33624267
-120.91712950 40.35319901
-120.94583130 40.36405182
-120.99449920 40.40145111
-121.05003360 40.44403839
-121.06885530 40.46709824
-121.12899020 40.54061890
-121.17639920 40.59840012
-121.18036650 40.61646271
-121.19899750 40.70099640
-121.20607760 40.73296738
-121.21623230 40.78569794
-121.22808840 40.84701538
-121.22879790 40.87073898
-121.23140720 40.95639038
-121.23278810 41.00103378
-121.24125670 41.04158020
-121.25901030 41.12626266
-121.27385710 41.19668579
-121.28082280 41.21019364
-121.32230380 41.29040909
-121.32932280 41.30395889
-121.36423490 41.37050629
-121.40639500 41.45055771
-121.41040800 41.45816422
-121.45191190 41.52965546
-121.47446440 41.56838989
-121.48870850 41.61079025
-121.50884250 41.67054367
-121.52501680 41.69171143
-121.58246610 41.76677323
-121.58934780 41.77574158
-121.68122860 41.81296158
-121.72858430 41.83209610
-121.75859070 41.87364197
-121.80118560 41.93249512
-121.79872130 41.95172882
-121.78950500 42.02376556
-121.78926850 42.03708649
-121.78775020 42.12271118
-121.78712460 42.15908814
-121.81897740 42.20278549
-121.87447360 42.27870560
-121.87643430 42.28138733
-121.94116970 42.34997177
-121.96720120 42.37748718
-121.97006230 42.38050461
-121.97107700 42.42931747
-121.97282410 42.51010513
-121.97170260 42.51485443
-121.95176700 42.59939575
-121.93183900 42.68395996
-121.92747500 42.70246506
-121.90440370 42.76747513
-121.87485500 42.85071564
-121.86337280 42.88302231
-121.86023710 42.93543243
-121.85513310 43.02108002
-121.85472110 43.02799606
-121.85569000 43.10680008
-121.85579680 43.11507797
-121.77367400 43.12159729
-121.74744420 43.12234879
-121.62463380 43.12576675
-121.57466130 43.12713242
-121.50188450 43.13017654
-121.38585660 43.13495636
-121.37917330 43.13462448
-121.25660710 43.12858963
-121.21312710 43.12642288
-121.13465120 43.11874390
-121.01306150 43.10673523
-120.93694310 43.09914780
-120.89103700 43.09940720
-120.80948640 43.09982681
-120.76984410 43.09185028
-120.65197750 43.06804275
-120.61327360 43.06019974
-120.53123470 43.05485153
-120.40908050 43.04679108
-120.33972170 43.04215622
-120.28694150 43.03866959
-120.19025420 43.03224564
-120.16472630 43.03157425
-120.04213710 43.02827454
-119.99964140 43.02711105
-119.91948700 43.02710342
-119.79679110 43.02700043
-119.76573940 43.02695846
-119.67417140 43.02983856
-119.55157470 43.03359604
-119.53258510 43.03417587
-119.42938230 43.02729797
-119.30729680 43.01903915
-119.29991150 43.01853943
-119.18477630 43.01511383
-119.09831240 43.01247406
-119.06285100 43.00775909
-118.94242100 42.99167252
-118.88632970 42.98413849
-118.82390590 42.97032166
-118.73857880 42.95137405
-118.70912930 42.94085693
-118.59820560 42.90113831
-118.48856350 42.86609650
-118.38394170 42.83250809
-118.37822720 42.82922363
-118.28343200 42.77462769
-118.24774930 42.75402069
-118.19207000 42.71726990
-118.14201350 42.68416977
-118.11596680 42.66556168
-118.03009800 42.60408783
-117.97708890 42.56602859
-117.95149990 42.53841400
-117.88373570 42.46508026
-117.81749730 42.39366913
-117.78761290 42.36137772
-117.75303650 42.32018662
-117.69715120 42.25341797
-117.68922420 42.24650955
-117.61243440 42.17943954
-117.55497740 42.12910843
-117.53641510 42.11196137
-117.46234130 42.04339981
-117.44239040 42.02489471
-117.37784580 41.98175049
-117.31432340 41.93917847
-117.28900910 41.92307281
-117.19878390 41.86557007
-117.16342930 41.84297562
-117.09647370 41.82181549
-117.06261440 41.81109619
-116.99172210 41.77951813
-116.90303800 41.73990249
-116.88845060 41.73528290
-116.80509950 41.70888901
-116.77613070 41.71112442
-116.66772460 41.71945190
-116.65653230 41.71950150
-116.53636930 41.72006607
-116.53162380 41.72009277
-116.41901400 41.73858261
-116.35704800 41.73811340
-116.30146790 41.72558975
-116.25544740 41.71519852
-116.18931580 41.69474030
-116.18505100 41.69342804
-116.08731840 41.65383148
-116.08442690 41.65244293
-115.98422240 41.60454941
-115.94110870 41.58388138
-115.87557220 41.57007599
-115.86862180 41.56861115
-115.76570130 41.57571030
-115.75666050 41.57729340
-115.65548710 41.59501648
-115.64024350 41.59842300
-115.53028870 41.62297440
-115.52576450 41.62459946
-115.44322970 41.65431214
-115.41642760 41.66038895
-115.37344360 41.67012405
-115.29850010 41.66675186
-115.27138520 41.66552353
-115.18349460 41.64372635
-115.17704010 41.64212799
-115.07325740 41.60929871
-115.05909730 41.60480881
-114.98520660 41.58406067
-114.90941620 41.56272125
-114.87084960 41.56127548
-114.80129240 41.55863953
-114.75366970 41.57038116
-114.64820860 41.59630585
-114.64073180 41.59959793
-114.53787230 41.64490890
-114.51602170 41.65452194
-114.44783020 41.70252228
-114.40089420 41.73550797
-114.37236790 41.76997375
-114.34520720 41.80276108
-114.29280090 41.83430099
-114.26077270 41.85357666
-114.18316650 41.86419296
-114.12357330 41.87231827
-114.06472780 41.88034057
-113.97998810 41.89184570
-113.94755550 41.90007019
-113.86112210 41.92194748
-113.84323880 41.93869400
-113.79467010 41.98416138
-113.77262120 42.00994110
-113.74799350 42.03872299
-113.70167540 42.08103561
-113.64226530 42.13524628
-113.63105010 42.15208054
-113.59526820 42.20573044
-113.57254030 42.22886276
-113.52960200 42.27252960
-113.49836730 42.29842377
-113.42503360 42.35915756
-113.41725160 42.36386871
-113.37001040 42.39247894
-113.32681270 42.42266083
-113.25837710 42.47042084
-113.23713680 42.48205948
-113.13999180 42.53520966
-113.13300320 42.53903580
-113.04242710 42.58804703
-112.98206330 42.62064362
-112.94454190 42.64065933
-112.88110350 42.67446518
-112.85668950 42.70026398
-112.78768160 42.77309799
-112.76644900 42.79548645
-112.69818120 42.83171463
-112.66117100 42.85132599
-112.60159300 42.88593674
-112.58591460 42.89503860
-112.50705720 42.94213867
-112.48582460 42.95481491
-112.41835780 43.00376892
-112.33010860 43.06448364
-112.28589630 43.09485245
-112.23593140 43.12096786
-112.13639830 43.17290497
-112.08522030 43.19956207
-112.04186250 43.22922897
-112.00150300 43.25680924
-111.94046780 43.27748489
-111.86367800 43.30344009
-111.83135220 43.31831741
-111.73342130 43.36333084
-111.72858430 43.36703110
-111.71839140 43.32054138
-111.69385530 43.28308868
-111.64703370 43.21149063
-111.64085390 43.20329285
-111.58233640 43.12550736
-111.56810760 43.10655975
-111.52399440 43.04768753
-111.50912480 43.02780533
-111.46366880 42.97068024
-111.44564060 42.94799423
-111.40626530 42.89255524
-111.37904360 42.85416412
-111.36750030 42.80959701
-111.35383610 42.75674820
-111.37491610 42.72552109
-111.39147950 42.70097733
-111.44474030 42.65349960
-111.46437840 42.63597870
-111.52424620 42.58638000
-111.56201170 42.55506134
-111.60048680 42.51744461
-111.67303470 42.44639206
-111.67626190 42.44323349
-111.72709660 42.36722946
-111.73457340 42.35602188
-111.72573850 42.28033447
-111.72192380 42.24757767
-111.71474460 42.19227600
-111.70606230 42.12517547
-111.70755010 42.10418701
-111.71313480 42.02539444
-111.71240230 42.01587677
-111.70559690 41.92761612
-111.70461270 41.91484833
-111.69568630 41.83951187
-111.69345090 41.82059479
-111.72409060 41.75610733
-111.75546260 41.70428085
-111.79886630 41.71188736
-111.88694000 41.72728729
-111.90742490 41.71153259
-111.92926030 41.69473267
-111.95478060 41.63234329
-111.96229550 41.61396027
-111.94741060 41.54569626
-111.93562320 41.49147415
-111.92617040 41.45878983
-111.90124510 41.37238693
-111.88997650 41.33320999
-111.86940770 41.28739548
-111.83188630 41.20360184
-111.82405090 41.11538696
-111.81973270 41.06653595
-111.80745700 41.02820969
-111.77998350 40.94225693
-111.75959780 40.87824631
-111.75792690 40.85572052
-111.75139620 40.76747894
-111.74816890 40.72358704
-111.73831940 40.67980957
-111.72623440 40.62602234
-111.71606450 40.59307861
-111.68956760 40.50698090
-111.67952730 40.47425842
-111.65134430 40.42372894
-111.61238100 40.35371780
-111.60581970 40.34225464
-111.55939480 40.26107025
-111.55374910 40.25118256
-111.52067570 40.17767334
-111.49614720 40.12302017
-111.48958590 40.09272766
-111.48070530 40.05168915
-111.48928070 40.00531769
-111.50511170 39.91971588
-111.53839110 39.84872055
-111.54750060 39.83531189
-111.59671020 39.76287842
