-73.45433807 43.75550842
-73.45611572 43.73510361
-73.47057343 43.67014313
-73.47748566 43.63899612
-73.49592590 43.58590317
-73.52489471 43.50217056
-73.52650452 43.49750137
-73.58853912 43.42871857
-73.61037445 43.40445328
-73.64076996 43.35108948
-73.65025330 43.33440781
-73.68315887 43.27569580
-73.68600464 43.27099609
-73.71062469 43.23022842
-73.75860596 43.20533371
-73.76824188 43.20033264
-73.83263397 43.26393127
-73.83688354 43.26812744
-73.88206482 43.22932053
-73.90438843 43.20264816
-73.95169067 43.14599228
-73.97894287 43.13861084
-74.00127411 43.13256073
-74.02307129 43.12664413
-74.09945679 43.14644623
-74.11534882 43.15270996
-74.19602203 43.18449020
-74.21930695 43.17056656
-74.27625275 43.13646698
-74.31277466 43.11469650
-74.32657623 43.10646820
-74.39968872 43.07608795
-74.41752625 43.08194351
-74.49439239 43.10715485
-74.51402283 43.13022232
-74.53816223 43.15859222
-74.59326172 43.19557953
-74.60135651 43.20102310
-74.71170807 43.21422958
-74.73396301 43.21688843
-74.82197571 43.23049164
-74.83198547 43.23269653
-74.92684936 43.25362396
-74.94661713 43.26299667
-75.04447174 43.30932617
-75.04866791 43.31174850
-75.13039398 43.35897827
-75.14408112 43.36687851
-75.19583893 43.39675903
-75.21523285 43.43410110
-75.22885895 43.46032333
-75.25521088 43.51623917
-75.26181030 43.53024673
-75.28740692 43.60002899
-75.29445648 43.61925507
-75.31764984 43.68423843
-75.32556915 43.70640182
-75.37171936 43.76170731
-75.38703918 43.78006744
-75.44468689 43.83194733
-75.46746826 43.85244369
-75.52550507 43.89807510
-75.56306458 43.92758560
-75.60803986 43.96329880
-75.62851715 43.97954941
-75.68655396 44.03091812
-75.69115448 44.03499603
-75.68450928 44.09361267
-75.68721008 44.12163925
-75.69152832 44.16673279
-75.69451904 44.20840835
-75.69996643 44.28485870
-75.70653534 44.29420471
-75.75106812 44.35763168
-75.66182709 44.41857147
-75.65095520 44.42597198
-75.56917572 44.47706223
-75.54432678 44.49254990
-75.45211792 44.49325561
-75.37905884 44.49377060
-75.33060455 44.50793838
-75.21484375 44.54166031
-75.19556427 44.54726410
-75.09144592 44.55592728
-74.98610687 44.60298538
-74.96781158 44.61125183
-74.87228394 44.63950729
-74.84623718 44.64719391
-74.74938202 44.65571594
-74.65758514 44.66371536
-74.62444305 44.66712570
-74.53330994 44.67645264
-74.50045013 44.68218613
-74.40750122 44.69835281
-74.38078308 44.70793533
-74.26902008 44.74791336
-74.24284363 44.75725174
-74.16230774 44.79380035
-74.12731171 44.80965424
-74.04981232 44.83232880
-73.96416473 44.85729981
-73.93145752 44.86134720
-73.80699921 44.87665176
-73.76585388 44.88167953
-73.68185425 44.87387466
-73.63240814 44.86925888
-73.58792114 44.82652283
-73.56077576 44.80043793
-73.56276703 44.74604797
-73.56468964 44.69251633
-73.57617187 44.66070175
-73.60332489 44.58523941
-73.60051727 44.57689667
-73.57331848 44.49610901
-73.56967163 44.49366760
-73.51139069 44.45483780
-73.47996521 44.43299484
-73.43031311 44.39847946
-73.39751434 44.36799240
-73.38851166 44.35963440
-73.41781616 44.28656006
-73.42816162 44.26070023
-73.47227478 44.20977020
-73.49165344 44.18735504
-73.48444366 44.12741852
-73.48338318 44.11865616
-73.45688629 44.04331207
-73.44107819 43.99839020
-73.44193268 43.95834732
-73.44364166 43.87607956
-73.44399261 43.87214279
-73.45163727 43.78610229
-73.45433807 43.75550842
